IT_NO ID REVENUES OPERATING_COSTS LABOUR_COSTS TOTAL_INTEREST_PAYMENTS EBIT NET_EARNINGS
1 1 200.000000 105.000000 100.000000 5.000000 100.000000 95.000000
1 2 200.000000 105.000000 100.000000 5.000000 100.000000 95.000000
1 3 200.000000 105.000000 100.000000 5.000000 100.000000 95.000000
1 4 200.000000 105.000000 100.000000 5.000000 100.000000 95.000000
1 5 200.000000 105.000000 100.000000 5.000000 100.000000 95.000000
1 6 200.000000 105.000000 100.000000 5.000000 100.000000 95.000000
61 5 821.831687 350.968750 348.450000 2.518750 473.381687 470.862937
61 1 818.142031 401.468750 398.950000 2.518750 419.192031 416.673281
61 6 717.313210 304.670061 302.151311 2.518750 415.161899 412.643149
61 4 819.305126 401.468750 398.950000 2.518750 420.355126 417.836376
61 2 614.157805 366.118750 363.600000 2.518750 250.557805 248.039055
61 3 510.364244 299.831409 297.312659 2.518750 213.051585 210.532835
121 5 636.529222 286.906752 282.800000 4.106752 353.729222 349.622469
121 6 638.038236 386.882388 382.775636 4.106752 255.262601 251.155848
121 4 954.046316 386.734915 382.628162 4.106752 571.418153 567.311401
121 3 739.104314 355.317333 351.210580 4.106752 387.893734 383.786982
121 1 954.018478 436.618083 432.511331 4.106752 521.507147 517.400395
121 2 849.759937 274.342194 270.235442 4.106752 579.524495 575.417743
181 4 766.437841 386.844782 379.092224 7.752558 387.345617 379.593059
181 1 879.123743 382.657727 374.905169 7.752558 504.218573 496.466016
181 2 770.164968 356.859619 349.107061 7.752558 421.057907 413.305349
181 5 658.750553 388.032550 380.279992 7.752558 278.470561 270.718003
181 6 766.264142 319.518361 311.765803 7.752558 454.498339 446.745781
181 3 657.768875 330.574834 322.822276 7.752558 334.946599 327.194041
241 3 447.794993 327.686335 324.131693 3.554641 123.663300 120.108659
241 6 562.258839 306.774613 303.219971 3.554641 259.038868 255.484226
241 1 448.454351 353.825987 350.271346 3.554641 98.183005 94.628364
241 5 783.477104 302.725483 299.170842 3.554641 484.306262 480.751621
241 4 784.179007 348.598057 345.043416 3.554641 439.135591 435.580950
241 2 333.826419 313.222706 309.668065 3.554641 24.158355 20.603713
301 2 1024.186349 301.689592 299.170842 2.518750 725.015507 722.496757
301 3 684.148865 339.808197 337.289447 2.518750 346.859418 344.340668
301 6 1030.312346 250.243533 247.724783 2.518750 782.587563 780.068813
301 5 1031.186163 261.356617 258.837867 2.518750 772.348296 769.829546
301 1 1140.491294 333.616720 331.097970 2.518750 809.393324 806.874574
301 4 1143.874832 351.239049 348.720299 2.518750 795.154533 792.635783
361 1 823.461394 334.769586 332.250836 2.518750 491.210558 488.691808
361 5 705.323142 296.967027 294.448277 2.518750 410.874865 408.356115
361 6 704.005897 287.003252 284.484502 2.518750 419.521396 417.002646
361 2 937.793335 302.894686 300.375936 2.518750 637.417399 634.898649
361 4 1054.931653 307.068788 304.550038 2.518750 750.381615 747.862865
361 3 1054.354292 296.382822 293.864072 2.518750 760.490220 757.971470
421 2 607.831081 292.326794 289.808044 2.518750 318.023036 315.504286
421 5 480.596562 291.829164 289.310414 2.518750 191.286147 188.767397
421 4 848.674622 280.695825 278.177075 2.518750 570.497547 567.978797
421 3 725.809361 353.098427 350.579677 2.518750 375.229684 372.710934
421 6 846.692490 235.223605 232.704855 2.518750 613.987636 611.468886
421 1 726.421494 264.332468 261.813718 2.518750 464.607776 462.089026
481 1 374.363318 308.903942 306.385192 2.518750 67.978126 65.459376
481 2 746.454120 382.046485 379.527735 2.518750 366.926385 364.407635
481 3 871.717580 430.617340 428.098590 2.518750 443.618990 441.100240
481 5 495.831149 235.318097 232.799347 2.518750 263.031802 260.513052
481 6 372.189739 285.680656 283.161906 2.518750 89.027833 86.509083
481 4 622.177054 346.754793 344.236043 2.518750 277.941011 275.422261
541 2 764.762292 309.843707 306.862627 2.981080 457.899665 454.918585
541 5 764.288764 270.190224 267.209144 2.981080 497.079621 494.098540
541 4 506.832837 299.415941 296.434861 2.981080 210.397977 207.416896
541 3 1019.164237 323.483867 320.502787 2.981080 698.661451 695.680370
541 1 891.914034 257.914604 254.933523 2.981080 636.980511 633.999430
541 6 896.186094 263.714835 260.733754 2.981080 635.452339 632.471259
601 1 523.755100 371.618739 369.099989 2.518750 154.655112 152.136362
601 6 264.379789 394.687488 392.168738 2.518750 -127.788949 -130.307699
601 3 524.148010 273.576554 271.057804 2.518750 253.090206 250.571456
601 5 525.121991 308.109929 305.591179 2.518750 219.530812 217.012062
601 2 527.153884 250.549092 248.030342 2.518750 279.123542 276.604792
601 4 920.157895 329.621225 327.102475 2.518750 593.055420 590.536670
661 2 671.653295 370.508717 367.989967 2.518750 303.663328 301.144578
661 1 537.600790 312.347250 309.828500 2.518750 227.772290 225.253540
661 5 942.191441 480.264909 477.746159 2.518750 464.445282 461.926532
661 6 1209.496640 434.309235 431.301831 3.007404 778.194809 775.187405
661 4 539.432420 358.641390 356.122640 2.518750 183.309780 180.791030
661 3 946.444460 335.289085 332.770335 2.518750 613.674125 611.155375
721 1 1109.105553 346.023682 343.504932 2.518750 765.600621 763.081871
721 5 829.384986 329.421688 326.902938 2.518750 502.482048 499.963298
721 6 830.429383 306.328540 303.321136 3.007404 527.108248 524.100844
721 3 417.704002 318.143179 315.624429 2.518750 102.079573 99.560823
721 4 688.525896 344.631899 342.113149 2.518750 346.412747 343.893997
721 2 973.580150 304.451507 301.932757 2.518750 671.647393 669.128643
781 5 1001.746839 260.774909 256.367940 4.406969 745.378899 740.971930
781 3 1003.463019 352.255142 347.848173 4.406969 655.614846 651.207877
781 6 717.086077 305.131065 299.869115 5.261950 417.216962 411.955012
781 1 863.122144 342.716351 338.309382 4.406969 524.812762 520.405793
781 2 713.494130 489.668606 485.261637 4.406969 228.232492 223.825523
781 4 1139.564106 427.087847 422.680878 4.406969 716.883228 712.476259
841 6 147.525451 242.197220 240.729595 1.467625 -93.204144 -94.671769
841 3 438.718363 345.134352 338.415974 6.718379 100.302389 93.584011
841 1 734.976069 492.806777 486.088398 6.718379 248.887670 242.169292
841 2 1021.982901 338.648103 331.929724 6.718379 690.053177 683.334798
841 5 441.317278 332.828317 326.109938 6.718379 115.207340 108.488961
841 4 291.665525 271.068392 264.350014 6.718379 27.315511 20.597132
901 5 599.637926 509.112070 499.002753 10.109316 100.635172 90.525856
901 2 750.689369 369.167985 359.058669 10.109316 391.630700 381.521384
901 1 596.399400 209.776369 199.667053 10.109316 396.732347 386.623031
901 4 1042.672207 372.670645 362.561329 10.109316 680.110878 670.001562
901 6 751.733619 353.435192 349.801906 3.633286 401.931713 398.298427
901 3 896.825121 321.666057 311.556741 10.109316 585.268380 575.159064
961 1 759.546206 399.202127 392.937444 6.264682 366.608762 360.344080
961 4 303.997161 284.158198 277.893515 6.264682 26.103645 19.838963
961 3 456.500033 303.105483 296.840801 6.264682 159.659233 153.394550
961 2 763.356865 461.827460 455.562778 6.264682 307.794087 301.529405
961 6 609.754950 294.254609 292.003083 2.251526 317.751866 315.500341
961 5 1217.436099 359.133259 352.868576 6.264682 864.567523 858.302841
1021 4 927.636745 374.437617 371.781163 2.656453 555.855581 553.199128
1021 3 776.321930 361.546116 358.889662 2.656453 417.432267 414.775814
1021 5 621.385341 219.785376 217.128923 2.656453 404.256418 401.599964
1021 6 926.373598 320.261968 319.307239 0.954729 607.066358 606.111629
1021 1 776.107673 335.914637 333.258184 2.656453 442.849489 440.193036
1021 2 1090.095266 419.307757 416.651304 2.656453 673.443962 670.787509
1081 4 1114.563408 291.711478 286.775287 4.936191 827.788122 822.851931
1081 6 791.113003 466.855820 465.081754 1.774066 326.031250 324.257184
1081 1 949.236217 279.558219 274.622028 4.936191 674.614189 669.677998
1081 5 952.354138 424.567250 419.631059 4.936191 532.723079 527.786888
1081 2 1434.290307 382.958160 378.021969 4.936191 1056.268339 1051.332148
1081 3 1428.577200 435.099121 430.162930 4.936191 998.414270 993.478079
1141 3 984.189337 527.968573 518.834465 9.134108 465.354872 456.220764
1141 5 984.561828 422.206069 413.071961 9.134108 571.489866 562.355759
1141 6 1477.606592 462.179307 458.896510 3.282797 1018.710082 1015.427286
1141 4 822.312513 370.664602 361.530494 9.134108 460.782019 451.647911
1141 2 163.955000 182.078929 172.944822 9.134108 -8.989822 -18.123929
1141 1 985.046549 494.709953 485.575846 9.134108 499.470704 490.336596
1201 3 835.616369 470.500715 465.564524 4.936191 370.051845 365.115654
1201 6 841.213240 406.071729 404.297663 1.774066 436.915577 435.141511
1201 5 838.164929 415.972148 411.035957 4.936191 427.128972 422.192781
1201 1 837.716962 255.656608 250.720417 4.936191 586.996545 582.060354
1201 4 1005.402728 422.710442 417.774251 4.936191 587.628477 582.692286
1201 2 1007.978473 486.181538 481.112151 5.069387 526.866322 521.796935
1261 5 1196.681535 460.646909 458.128159 2.518750 738.553376 736.034626
1261 4 680.451700 317.054501 314.535751 2.518750 365.915949 363.397199
1261 2 855.224220 300.740724 298.154009 2.586715 557.070211 554.483496
1261 1 344.480648 212.581802 210.063052 2.518750 134.417596 131.898846
1261 3 1541.348481 294.708306 292.189556 2.518750 1249.158925 1246.640175
1261 6 1028.525320 321.201450 320.296211 0.905238 708.229109 707.323871
1321 1 1065.206183 337.327139 332.934563 4.392575 732.271619 727.879044
1321 6 1057.185089 420.056887 418.478197 1.578691 638.706892 637.128202
1321 2 711.608680 268.332022 263.820920 4.511102 447.787761 443.276658
1321 3 536.248568 339.015210 334.622635 4.392575 201.625933 197.233358
1321 4 1057.375052 365.071686 360.679110 4.392575 696.695942 692.303366
1321 5 1231.592805 380.467929 376.075354 4.392575 855.517451 851.124875
1381 5 734.076109 392.381569 384.388604 7.992965 349.687506 341.694540
1381 6 539.006515 393.396392 390.523722 2.872670 148.482793 145.610123
1381 1 547.323569 362.223301 354.230336 7.992965 193.093233 185.100268
1381 3 731.603872 334.554123 326.561158 7.992965 405.042715 397.049749
1381 4 543.997919 340.578259 332.585294 7.992965 211.412625 203.419660
1381 2 731.558772 220.292803 212.084159 8.208644 519.474612 511.265969
1441 6 1118.373896 217.694569 213.515931 4.178638 904.857965 900.679327
1441 5 752.099317 315.331991 303.705278 11.626713 448.394039 436.767326
1441 3 1314.778285 526.031855 514.405142 11.626713 800.373143 788.746430
1441 1 746.385183 327.538880 315.912167 11.626713 430.473016 418.846303
1441 4 936.527226 460.413759 448.787046 11.626713 487.740180 476.113467
1441 2 565.811808 359.144703 347.204260 11.940443 218.607547 206.667104
1501 6 379.552669 479.825056 476.504791 3.320266 -96.952121 -100.272387
1501 2 382.249027 273.229714 263.742068 9.487646 118.506959 109.019313
1501 5 378.828900 462.556544 453.318181 9.238362 -74.489281 -83.727644
1501 1 572.438422 573.606071 564.367709 9.238362 8.070713 -1.167650
1501 3 759.954005 353.821014 344.582652 9.238362 415.371353 406.132991
1501 4 570.031337 485.995324 476.756962 9.238362 93.274375 84.036013
1561 2 770.375917 484.662895 479.486441 5.176455 290.889476 285.713022
1561 1 1348.112107 447.652076 442.602868 5.049208 905.509239 900.460030
1561 6 1159.248573 545.046395 542.482377 2.564018 616.766196 614.202178
1561 5 966.199829 457.541539 451.872769 5.668770 514.327061 508.658290
1561 4 1349.303788 301.141672 296.101226 5.040446 1053.202562 1048.162116
1561 3 578.847774 351.746026 346.705580 5.040446 232.142194 227.101748
1621 2 1778.768374 493.214666 488.084603 5.130063 1290.683771 1285.553708
1621 6 1968.410482 558.206587 555.665548 2.541039 1412.744934 1410.203895
1621 3 1375.796517 495.686091 490.690818 4.995273 885.105699 880.110426
1621 1 1971.768307 556.067443 551.063486 5.003957 1420.704821 1415.700864
1621 5 1570.753970 239.159802 233.541836 5.617966 1337.212134 1331.594168
1621 4 1382.051291 427.302335 422.307062 4.995273 959.744229 954.748957
1681 6 1623.873838 470.941713 467.296264 3.645449 1156.577574 1152.932126
1681 5 1027.107928 446.462597 438.402898 8.059698 588.705030 580.645331
1681 1 1419.807386 520.203236 513.024414 7.178822 906.782972 899.604150
1681 2 814.923553 321.237543 313.877805 7.359738 501.045748 493.686010
1681 4 1225.618914 566.389762 559.223398 7.166364 666.395516 659.229152
1681 3 1228.950558 499.460601 492.294237 7.166364 736.656322 729.489958
1741 2 1048.615658 409.983822 398.312893 11.670929 650.302765 638.631836
1741 6 419.826507 404.664752 398.883871 5.780882 20.942636 15.161754
1741 4 833.108950 386.466997 375.102717 11.364281 458.006233 446.641952
1741 1 833.345656 394.117350 382.733313 11.384037 450.612343 439.228306
1741 3 1461.986174 427.666251 416.301970 11.364281 1045.684204 1034.319923
1741 5 422.900059 458.236736 455.754217 2.482519 -32.854159 -35.336678
1801 3 426.260701 421.715616 406.153418 15.562198 20.107283 4.545085
1801 4 1068.496347 429.893605 414.331408 15.562198 654.164939 638.602742
1801 1 638.861726 387.450106 371.860854 15.589251 267.000871 251.411620
1801 2 1065.315469 503.904683 487.922563 15.982120 577.392906 561.410785
1801 5 852.959647 427.652057 423.433772 4.218285 429.525875 425.307590
1801 6 641.011157 479.288914 471.372600 7.916314 169.638558 161.722243
1861 6 646.651952 518.784281 513.003399 5.780882 133.648552 127.867671
1861 4 1295.503204 558.638024 547.273743 11.364281 748.229461 736.865180
1861 5 1077.722612 494.597616 491.517217 3.080399 586.205395 583.124996
1861 3 861.704418 454.891219 443.526938 11.364281 418.177480 406.813199
1861 2 647.083582 568.525319 556.854390 11.670929 90.229192 78.558263
1861 1 1078.312254 319.949427 308.565390 11.384037 769.746864 758.362827
1921 2 1303.065591 289.822110 282.462372 7.359738 1020.603219 1013.243481
1921 6 1952.656460 385.833719 382.188270 3.645449 1570.468190 1566.822741
1921 1 649.400894 251.401288 244.222466 7.178822 405.178428 397.999606
1921 4 653.917271 379.949599 372.783234 7.166364 281.134036 273.967672
1921 5 867.817829 204.542097 202.599584 1.942513 665.218245 663.275733
1921 3 1736.963908 363.219918 356.053554 7.166364 1380.910354 1373.743990
1981 5 1110.002661 437.676187 436.871561 0.804627 673.131100 672.326474
1981 3 1111.491656 645.911499 642.943052 2.968448 468.548605 465.580157
1981 1 1325.577698 400.612962 397.639354 2.973608 927.938343 924.964735
1981 6 1318.223441 331.766599 330.256583 1.510016 987.966857 986.456842
1981 2 1540.171252 334.414675 331.366128 3.048547 1208.805124 1205.756577
1981 4 1767.045694 357.045768 354.077321 2.968448 1412.968373 1409.999926
2041 2 1139.458305 420.987816 417.648792 3.339025 721.809513 718.470489
2041 5 1818.396577 673.274832 672.393538 0.881295 1146.003039 1145.121745
2041 1 907.612116 568.910767 565.653821 3.256945 341.958294 338.701349
2041 3 1814.231379 562.546346 559.295053 3.251293 1254.936326 1251.685033
2041 4 1135.137183 535.679186 532.427893 3.251293 602.709291 599.457998
2041 6 1590.325406 482.679613 481.025717 1.653896 1109.299689 1107.645793
2101 1 1405.699393 487.481020 480.018860 7.462160 925.680533 918.218373
2101 6 700.824187 433.022640 429.233311 3.789329 271.590876 267.801546
2101 4 1169.765236 513.470106 506.020896 7.449210 663.744340 656.295130
2101 3 936.069452 308.171377 300.722167 7.449210 635.347285 627.898076
2101 5 1171.884886 403.175955 401.156775 2.019181 770.728112 768.708931
2101 2 707.624721 470.539309 462.889093 7.650216 244.735628 237.085412
2161 2 960.684476 588.718711 576.757304 11.961407 383.927172 371.965765
2161 1 1449.275830 484.705318 473.037943 11.667374 976.237886 964.570512
2161 4 1198.047413 693.375734 681.728608 11.647127 516.318805 504.671679
2161 3 725.333225 555.849657 544.202531 11.647127 181.130694 169.483568
2161 6 963.996833 469.545875 463.621113 5.924762 500.375720 494.450958
2161 5 963.732331 370.184442 367.027375 3.157067 596.704956 593.547889
2221 6 1471.967562 539.242773 531.182578 8.060195 940.784984 932.724789
2221 3 1470.173695 604.419016 588.573973 15.845043 881.599722 865.754679
2221 2 982.849207 622.954445 606.681847 16.272598 376.167360 359.894762
2221 1 983.088609 408.117918 392.245330 15.872589 590.843279 574.970690
2221 4 1227.058551 355.509083 339.664040 15.845043 887.394512 871.549468
2221 5 1229.985230 396.041741 391.746788 4.294953 838.238442 833.943489
2281 4 988.597573 576.836845 564.798591 12.038254 423.798982 411.760728
2281 1 742.751368 356.008202 343.949021 12.059181 398.802347 386.743166
2281 2 1485.386103 630.952021 618.588933 12.363088 866.797170 854.434082
2281 6 987.390701 535.363382 529.239658 6.123724 458.151043 452.027319
2281 5 495.188531 336.614104 333.351018 3.263086 161.837513 158.574427
2281 3 991.057844 391.344048 379.305794 12.038254 611.752049 599.713796
2341 4 2223.332280 401.530624 393.690287 7.840337 1829.641992 1821.801655
2341 1 740.025402 365.123420 357.269453 7.853967 382.755949 374.901982
2341 6 990.186545 195.706696 191.718405 3.988291 798.468140 794.479849
2341 5 990.309796 358.173667 356.048467 2.125200 634.261329 632.136129
2341 2 986.770342 347.089438 339.037542 8.051897 647.732800 639.680903
2341 3 987.313326 356.406204 348.565867 7.840337 638.747458 630.907122
2401 4 754.307658 546.210659 541.050435 5.160224 213.257222 208.096999
2401 1 1253.008839 451.303633 446.134438 5.169194 806.874401 801.705206
2401 2 2502.378116 590.553737 585.254272 5.299465 1917.123844 1911.824379
2401 5 1256.227646 456.596496 455.197767 1.398729 801.029879 799.631150
2401 6 1505.201407 587.879220 585.254272 2.624948 919.947135 917.322187
2401 3 2008.721022 372.386542 367.226318 5.160224 1641.494704 1636.334480
2461 6 1813.077642 656.996785 653.237253 3.759532 1159.840388 1156.080856
2461 5 1552.298619 570.687899 568.684596 2.003303 983.614024 981.610721
2461 3 1304.498904 519.206770 511.816136 7.390633 792.682767 785.292134
2461 4 2061.251342 500.553942 493.163309 7.390633 1568.088033 1560.697400
2461 1 1542.075870 558.310678 550.907196 7.403482 991.168674 983.765192
2461 2 1548.774247 453.059659 445.469600 7.590059 1103.304647 1095.714589
2521 2 1057.998151 571.728041 559.826791 11.901250 498.171361 486.270111
2521 3 533.185117 571.415341 559.826791 11.588550 -26.641674 -38.230224
2521 1 1583.050159 563.828813 552.220117 11.608696 1030.830042 1019.221346
2521 4 1068.936528 651.828943 640.240392 11.588550 428.696136 417.107586
2521 5 535.041777 360.576386 357.435197 3.141189 177.606579 174.465390
2521 6 1318.862296 576.871981 570.977016 5.894965 747.885280 741.990315
2581 1 540.665081 578.995702 563.358871 15.636830 -22.693791 -38.330621
2581 2 811.049143 430.128173 414.097275 16.030898 396.951868 380.920969
2581 4 1347.774402 655.898441 640.288747 15.609694 707.485655 691.875961
2581 3 1622.129160 580.464373 563.966199 16.498173 1058.162961 1041.664787
2581 6 1083.631279 717.483880 709.543405 7.940475 374.087874 366.147399
2581 5 1076.010697 487.114865 482.883706 4.231159 593.126991 588.895831
2641 5 1092.867038 415.258933 410.408980 4.849954 682.458058 677.608105
2641 4 1093.434166 560.490186 542.597621 17.892565 550.836545 532.943980
2641 1 1643.568235 368.512242 349.567480 18.944761 1294.000754 1275.055993
2641 2 819.020099 500.272611 481.897242 18.375369 337.122857 318.747488
2641 3 1090.497369 570.775162 551.864180 18.910982 538.633189 519.722207
2641 6 1913.667944 589.680303 580.578557 9.101746 1333.089388 1323.987642
2701 1 275.155465 389.015238 374.515258 14.499981 -99.359792 -113.859773
2701 2 274.401051 268.079765 254.015587 14.064178 20.385464 6.321286
2701 6 1098.267271 432.730115 425.763802 6.966313 672.503469 665.537156
2701 4 274.788530 428.698042 415.003394 13.694648 -140.214864 -153.909512
2701 5 549.919348 213.921545 210.209477 3.712068 339.709870 335.997803
2701 3 548.799955 388.989384 374.515258 14.474126 174.284697 159.810571
2761 3 1646.147217 390.845286 380.808015 10.037271 1265.339202 1255.301932
2761 1 1096.117826 423.112272 411.447203 11.665069 684.670623 673.005554
2761 2 2197.231571 400.577134 390.824147 9.752987 1806.407424 1796.654437
2761 6 1098.653744 282.657570 277.826690 4.830880 820.827055 815.996174
2761 5 551.273669 248.942475 246.368293 2.574181 304.905375 302.331194
2761 4 1921.358553 474.550970 462.878103 11.672866 1458.480449 1446.807583
2821 5 1681.272855 746.583987 744.523773 2.060214 936.749082 934.688868
2821 3 1963.255996 668.569323 660.536118 8.033205 1302.719878 1294.686673
2821 6 1115.232750 504.146558 500.280223 3.866335 614.952527 611.086192
2821 2 1675.546826 518.963401 511.157719 7.805682 1164.389108 1156.583426
2821 1 1679.944362 410.497016 401.161023 9.335993 1278.783339 1269.447346
2821 4 1952.259680 677.897779 668.555545 9.342234 1283.704135 1274.361901
2881 3 1443.408439 478.588296 467.498815 11.089481 975.909624 964.820143
2881 2 862.228976 695.013494 684.238099 10.775395 177.990877 167.215482
2881 5 1995.990527 504.709837 501.865803 2.844034 1494.124724 1491.280690
2881 4 2289.777473 480.247344 467.350807 12.896536 1822.426666 1809.530129
2881 1 2285.651460 513.232538 500.344617 12.887922 1785.306844 1772.418922
2881 6 1722.769513 528.891773 523.554470 5.337303 1199.215043 1193.877740
2941 6 1469.155957 649.198822 641.726086 7.472736 827.429871 819.957135
2941 1 296.617628 516.419306 513.210244 3.209062 -216.592615 -219.801678
2941 2 1459.803537 731.705481 716.618895 15.086586 743.184642 728.098056
2941 3 1169.775572 591.139605 575.613269 15.526336 594.162303 578.635967
2941 5 1170.326892 457.520009 453.538089 3.981920 716.788804 712.806884
2941 4 295.666696 352.678482 349.469420 3.209062 -53.802724 -57.011786
3001 3 1490.900660 657.158175 637.194983 19.963192 853.705677 833.742485
3001 5 894.918506 692.925962 687.806156 5.119806 207.112349 201.992543
3001 4 1192.558645 692.052505 686.323167 5.729337 506.235477 500.506140
3001 6 1487.373980 517.286604 507.678436 9.608169 979.695544 970.087376
3001 2 1780.593626 593.802217 574.404440 19.397778 1206.189186 1186.791409
3001 1 1188.615022 425.469265 415.162072 10.307193 773.452950 763.145757
3061 2 1501.905442 826.684136 807.078163 19.605973 694.827280 675.221306
3061 3 1203.471141 887.562035 867.384579 20.177456 336.086563 315.909107
3061 6 1502.240235 446.878631 437.167338 9.711293 1065.072897 1055.361605
3061 5 1501.192606 748.647252 743.472496 5.174757 757.720111 752.545354
3061 4 1201.979178 489.796033 484.005204 5.790830 717.973975 712.183145
3061 1 1202.198917 334.355296 323.937476 10.417820 878.261440 867.843620
3121 1 606.610064 574.124199 565.997172 8.127028 40.612893 32.485865
3121 2 905.443649 503.338569 488.043787 15.294782 417.399862 402.105080
3121 6 908.891199 806.017898 798.442038 7.575860 110.449161 102.873301
3121 3 1208.953947 412.368470 396.627869 15.740600 812.326078 796.585478
3121 4 907.589845 391.378474 386.860999 4.517474 520.728846 516.211371
3121 5 907.310086 766.349510 762.312640 4.036870 144.997446 140.960576
3181 1 1831.883961 629.948390 622.477729 7.470662 1209.406232 1201.935570
3181 3 914.533579 546.765297 532.295960 14.469337 382.237619 367.768281
3181 2 2139.554431 590.263355 576.203830 14.059525 1563.350601 1549.291076
3181 5 2739.172601 696.758843 693.048003 3.710839 2046.124598 2042.413759
3181 4 1221.888955 720.044849 715.892221 4.152628 505.996734 501.844106
3181 6 303.091443 399.466874 392.502866 6.964008 -89.411423 -96.375431
3241 6 2776.053874 561.962508 554.104197 7.858312 2221.949677 2214.091366
3241 5 2162.409198 615.541758 612.275657 3.266101 1550.133541 1546.867440
3241 2 1857.194416 811.166822 798.792310 12.374513 1058.402106 1046.027594
3241 3 2778.315372 846.325213 833.590003 12.735210 1944.725369 1931.990159
3241 1 928.213153 394.653651 388.078336 6.575315 540.134817 533.559502
3241 4 1544.188231 569.118759 565.463816 3.654942 978.724414 975.069472
3301 3 940.672102 626.623797 612.390992 14.232806 328.281110 314.048304
3301 2 2499.618958 578.186987 564.357295 13.829692 1935.261663 1921.431971
3301 5 2202.213494 748.569086 744.918908 3.650178 1457.294586 1453.644408
3301 6 1574.102313 763.749307 754.966898 8.782409 819.135415 810.353006
3301 4 1570.061950 642.833517 638.748773 4.084745 931.313177 927.228432
3301 1 2208.044300 546.800996 539.452458 7.348538 1668.591842 1661.243304
3361 6 2239.922266 589.553099 578.259083 11.294016 1661.663183 1650.369167
3361 2 2232.601213 713.537585 695.752856 17.784729 1536.848358 1519.063628
3361 5 959.104909 369.276521 364.582459 4.694062 594.522450 589.828389
3361 3 2562.015136 545.380293 527.077168 18.303126 2034.937969 2016.634843
3361 1 640.093148 572.424497 562.974413 9.450085 77.118735 67.668651
3361 4 1602.762420 459.213977 453.961071 5.252906 1148.801349 1143.548443
3421 3 1301.737776 593.475744 572.622236 20.853508 729.115539 708.262031
3421 2 975.634069 971.693876 951.430999 20.262877 24.203071 3.940193
3421 6 978.804179 523.049586 510.181847 12.867740 468.622333 455.754593
3421 1 974.206781 749.748573 738.981701 10.766872 235.225080 224.458208
3421 4 1950.731037 506.617287 500.632434 5.984853 1450.098604 1444.113750
3421 5 650.045721 717.345721 711.997582 5.348138 -61.951861 -67.299999
3481 1 1969.433500 677.458315 668.982235 8.476080 1300.451265 1291.975185
3481 5 655.918202 594.444905 588.678314 5.766592 67.239889 61.473297
3481 2 657.568624 432.487795 416.536109 15.951686 241.032515 225.080829
3481 6 655.128297 644.327366 634.197406 10.129960 20.930891 10.800931
3481 4 983.810965 938.762166 934.050668 4.711498 49.760298 45.048800
3481 3 1315.436447 584.420437 568.003785 16.416652 747.432662 731.016010
3541 2 2322.775519 824.425459 808.065084 16.360375 1514.710436 1498.350061
3541 3 993.407732 735.117328 718.280074 16.837254 275.127658 258.290404
3541 4 995.386412 697.323204 692.490996 4.832208 302.895416 298.063208
3541 1 991.138579 842.411184 833.717944 8.693240 157.420636 148.727395
3541 6 1648.948008 626.058129 615.668635 10.389494 1033.279373 1022.889878
3541 5 1988.674318 440.245657 434.331323 5.914334 1554.342995 1548.428661
