1 95.000000 666.666667
2 95.000000 666.666667
3 95.000000 666.666667
4 95.000000 666.666667
5 95.000000 666.666667
6 95.000000 666.666667
7 25.200000 2400.000000
8 17.850000 1700.000000
9 19.600000 1866.666667
10 24.500000 2333.333333
11 17.850000 1700.000000
12 18.200000 1733.333333
13 12.600000 1200.000000
14 23.800000 2266.666667
15 26.250000 2500.000000
16 24.500000 2333.333333
17 20.300000 1933.333333
18 19.950000 1900.000000
19 16.800000 1600.000000
20 17.850000 1700.000000
21 19.950000 1900.000000
22 23.800000 2266.666667
23 22.050000 2100.000000
24 18.900000 1800.000000
25 15.750000 1500.000000
26 20.300000 1933.333333
27 20.300000 1933.333333
28 21.700000 2066.666667
29 23.800000 2266.666667
30 18.550000 1766.666667
