IT_NO ID REVENUES OPERATING_COSTS LABOUR_COSTS TOTAL_INTEREST_PAYMENTS EBIT NET_EARNINGS
1 7 403.200000 378.000000 360.000000 18.000000 43.200000 25.200000
1 8 285.600000 267.750000 255.000000 12.750000 30.600000 17.850000
1 9 313.600000 294.000000 280.000000 14.000000 33.600000 19.600000
1 10 392.000000 367.500000 350.000000 17.500000 42.000000 24.500000
1 11 285.600000 267.750000 255.000000 12.750000 30.600000 17.850000
1 12 291.200000 273.000000 260.000000 13.000000 31.200000 18.200000
1 13 201.600000 189.000000 180.000000 9.000000 21.600000 12.600000
1 14 380.800000 357.000000 340.000000 17.000000 40.800000 23.800000
1 15 420.000000 393.750000 375.000000 18.750000 45.000000 26.250000
1 16 392.000000 367.500000 350.000000 17.500000 42.000000 24.500000
1 17 324.800000 304.500000 290.000000 14.500000 34.800000 20.300000
1 18 319.200000 299.250000 285.000000 14.250000 34.200000 19.950000
1 19 268.800000 252.000000 240.000000 12.000000 28.800000 16.800000
1 20 285.600000 267.750000 255.000000 12.750000 30.600000 17.850000
1 21 319.200000 299.250000 285.000000 14.250000 34.200000 19.950000
1 22 380.800000 357.000000 340.000000 17.000000 40.800000 23.800000
1 23 352.800000 330.750000 315.000000 15.750000 37.800000 22.050000
1 24 302.400000 283.500000 270.000000 13.500000 32.400000 18.900000
1 25 252.000000 236.250000 225.000000 11.250000 27.000000 15.750000
1 26 324.800000 304.500000 290.000000 14.500000 34.800000 20.300000
1 27 324.800000 304.500000 290.000000 14.500000 34.800000 20.300000
1 28 347.200000 325.500000 310.000000 15.500000 37.200000 21.700000
1 29 380.800000 357.000000 340.000000 17.000000 40.800000 23.800000
1 30 296.800000 278.250000 265.000000 13.250000 31.800000 18.550000
61 22 1064.770619 853.563750 845.000000 8.563750 219.770619 211.206869
61 28 981.397875 772.808125 765.000000 7.808125 216.397875 208.589750
61 23 966.722664 787.934062 780.000000 7.934062 186.722664 178.788602
61 15 1021.243432 939.445312 930.000000 9.445312 91.243432 81.798120
61 14 1005.136736 853.563750 845.000000 8.563750 160.136736 151.572986
61 7 933.080068 899.067500 890.000000 9.067500 43.080068 34.012568
61 24 859.201375 730.295535 723.494910 6.800625 135.706465 128.905840
61 12 854.986480 737.041260 730.492510 6.548750 124.493970 117.945220
61 26 976.063711 853.749667 846.445292 7.304375 129.618418 122.314043
61 20 854.272719 747.083461 740.660648 6.422813 113.612071 107.189258
61 9 888.375500 750.617308 743.564808 7.052500 144.810692 137.758192
61 27 923.049625 765.799285 758.494910 7.304375 164.554715 157.250340
61 30 841.864313 720.169598 713.494910 6.674688 128.369402 121.694715
61 8 807.190188 679.638130 673.215317 6.422813 133.974870 127.552058
61 18 905.712563 760.743246 753.564808 7.178437 152.147754 144.969317
61 17 923.049625 765.799285 758.494910 7.304375 164.554715 157.250340
61 19 807.576579 706.369372 700.324372 6.045000 107.252207 101.207207
61 25 755.380440 660.655283 654.988096 5.667187 100.392344 94.725157
61 13 609.853672 538.625110 534.091360 4.533750 75.762313 71.228563
61 11 837.587767 721.803230 715.380418 6.422813 122.207349 115.784536
61 21 905.712563 755.673348 748.494910 7.178437 157.217652 150.039215
61 10 1076.936122 868.815625 860.000000 8.815625 216.936122 208.120497
61 16 1062.204973 868.815625 860.000000 8.815625 202.204973 193.389348
61 29 1007.031390 853.563750 845.000000 8.563750 162.031390 153.467640
121 7 1061.278937 837.222325 828.154825 9.067500 233.124113 224.056613
121 16 912.823655 889.538175 880.722550 8.815625 32.101105 23.285480
121 10 916.209131 909.901702 901.086077 8.815625 15.123054 6.307429
121 21 816.881153 817.038786 809.860349 7.178437 7.020804 -0.157633
121 8 793.406305 739.887787 733.464974 6.422813 59.941331 53.518518
121 27 875.048348 832.443799 825.139424 7.304375 49.908924 42.604549
121 20 878.085818 816.684278 810.261465 6.422813 67.824352 61.401540
121 14 963.254183 899.468063 890.904313 8.563750 72.349869 63.786119
121 22 884.806055 863.831891 855.268141 8.563750 29.537914 20.974164
121 9 799.352161 745.656753 738.604253 7.052500 60.747908 53.695408
121 18 869.377843 817.038786 809.860349 7.178437 59.517494 52.339057
121 28 804.786025 751.076866 743.268741 7.808125 61.517283 53.709158
121 24 799.398787 719.916626 713.116001 6.800625 86.282786 79.482161
121 13 641.561290 600.779561 596.245811 4.533750 45.315478 40.781728
121 23 881.636619 812.293385 804.359323 7.934062 77.277296 69.343234
121 29 938.230949 879.104536 870.540786 8.563750 67.690163 59.126413
121 11 836.285573 786.110613 779.687800 6.422813 56.597773 50.174960
121 17 845.413648 832.443799 825.139424 7.304375 20.274224 12.969849
121 12 861.530829 801.523383 794.974633 6.548750 66.556196 60.007446
121 26 929.036675 924.573667 917.269292 7.304375 11.767382 4.463007
121 19 827.476236 770.445968 764.400968 6.045000 63.075268 57.030268
121 25 769.375071 724.207658 718.540471 5.667187 50.834600 45.167412
121 30 799.260256 719.790689 713.116001 6.674688 86.144255 79.469567
121 15 1002.934047 847.600137 838.154825 9.445312 164.779223 155.333910
181 30 778.860824 746.730787 740.056099 6.674688 38.804725 32.130037
181 10 882.761145 762.266130 753.450505 8.815625 129.310640 120.495015
181 16 906.037710 762.266130 753.450505 8.815625 152.587205 143.771580
181 14 967.661233 797.462016 788.898266 8.563750 178.762967 170.199217
181 13 699.741229 653.933019 649.399269 4.533750 50.341960 45.808210
181 11 814.446002 695.036581 688.613768 6.422813 125.832233 119.409421
181 29 968.389933 813.023042 804.459292 8.563750 163.930641 155.366891
181 24 810.235984 736.578168 729.777543 6.800625 80.458442 73.657817
181 9 827.491081 721.412207 714.359707 7.052500 113.131374 106.078874
181 27 904.894079 814.171095 806.866720 7.304375 98.027359 90.722984
181 20 827.285911 800.196556 793.773743 6.422813 33.512168 27.089356
181 25 798.768254 722.138300 716.471113 5.667187 82.297141 76.629953
181 8 855.046041 792.732418 786.309606 6.422813 68.736435 62.313623
181 21 875.384156 731.817293 724.638264 7.179029 150.745892 143.566863
181 26 895.978231 774.613355 767.308980 7.304375 128.669252 121.364877
181 7 832.496381 699.645582 690.578082 9.067500 141.918299 132.850799
181 19 853.274784 794.474657 788.429657 6.045000 64.845127 58.800127
181 22 912.835342 826.754212 818.190462 8.563750 94.644880 86.081130
181 17 945.087201 793.613981 786.309606 7.304375 158.777595 151.473220
181 12 840.531512 825.899459 819.350709 6.548750 21.180803 14.632053
181 23 834.680253 844.270512 836.336450 7.934062 -1.656197 -9.590260
181 28 806.751546 766.706015 758.897890 7.808125 47.853656 40.045531
181 15 832.529327 700.023394 690.578082 9.445312 141.951245 132.505933
181 18 836.601980 700.981031 693.802593 7.178437 142.799387 135.620949
241 15 809.138917 626.213636 616.768324 9.445312 192.370594 182.925281
241 16 828.606753 676.320952 667.505327 8.815625 161.101426 152.285801
241 26 813.602103 615.708382 608.404007 7.304375 205.198096 197.893721
241 12 862.713727 686.968219 680.419469 6.548750 182.294258 175.745508
241 23 904.919559 708.325168 700.355142 7.970026 204.564418 196.594392
241 20 887.370187 738.818014 732.395201 6.422813 154.974986 148.552173
241 18 759.251490 703.607368 696.428930 7.178437 62.822560 55.644123
241 8 912.745890 848.374206 841.951393 6.422813 70.794497 64.371684
241 25 842.637900 784.740521 779.073333 5.667187 63.564566 57.897379
241 13 756.043772 705.706002 701.172252 4.533750 54.871521 50.337771
241 11 788.747297 737.791032 731.368220 6.422813 57.379078 50.956265
241 28 807.991723 692.603042 684.794917 7.808125 123.196806 115.388681
241 29 882.393681 786.615048 778.051298 8.563750 104.342383 95.778633
241 10 850.431834 691.961151 683.145526 8.815625 167.286308 158.470683
241 21 799.368868 702.587375 695.408347 7.179029 103.960521 96.781492
241 9 845.090090 786.637123 779.584623 7.052500 65.505466 58.452966
241 19 837.734121 738.440201 732.395201 6.045000 105.338920 99.293920
241 27 849.614563 741.680556 734.376181 7.304375 115.238382 107.934007
241 22 867.777504 709.798519 701.234769 8.563750 166.542736 157.978986
241 14 876.687971 796.989065 788.425315 8.563750 88.262656 79.698906
241 24 844.813027 786.385248 779.584623 6.800625 65.228404 58.427779
241 17 885.322082 833.664076 826.359701 7.304375 58.962381 51.658006
241 30 799.614366 676.164278 669.489591 6.674688 130.124775 123.450087
241 7 757.997630 615.409024 606.341524 9.067500 151.656106 142.588606
301 7 695.989891 656.907115 647.839615 9.067500 48.150276 39.082776
301 17 902.234575 895.676108 888.371733 7.304375 13.862842 6.558467
301 10 802.770759 767.248445 758.432820 8.815625 44.337939 35.522314
301 29 871.875958 849.347828 840.784078 8.563750 31.091880 22.528130
301 11 841.068596 799.619235 793.196423 6.422813 47.872173 41.449361
301 16 764.879131 719.851357 711.035732 8.815625 53.843399 45.027774
301 14 903.350441 849.347828 840.784078 8.563750 62.566363 54.002613
301 18 821.023986 768.649757 761.471319 7.178437 59.552667 52.374229
301 9 907.380522 847.836578 840.784078 7.052500 66.596444 59.543944
301 24 872.022448 847.584703 840.784078 6.800625 31.238370 24.437745
301 30 802.841991 749.308478 742.633791 6.674688 60.208200 53.533512
301 23 789.034622 714.724760 706.754734 7.970026 82.279888 74.309862
301 15 713.697060 673.083957 663.638644 9.445312 50.058416 40.613103
301 28 823.598595 767.260081 759.451956 7.808125 64.146638 56.338513
301 22 789.687718 715.318484 706.754734 8.563750 82.932984 74.369234
301 20 822.011246 744.818972 738.396160 6.422813 83.615087 77.192274
301 27 857.723029 798.397757 791.093382 7.304375 66.629647 59.325272
301 19 847.780562 812.959095 806.914095 6.045000 40.866467 34.821467
301 26 719.008791 671.832053 664.527678 7.304375 54.481113 47.176738
301 12 804.874002 750.179993 743.631243 6.548750 61.242759 54.694009
301 8 975.883919 910.657098 904.234285 6.422813 71.649634 65.226821
301 25 892.776771 844.222709 838.555521 5.667187 54.221250 48.554062
301 13 819.996782 763.985706 759.451956 4.533750 60.544826 56.011076
301 21 807.559266 765.611849 758.432820 7.179029 49.126446 41.947417
361 14 824.386427 728.573667 720.009917 8.563750 104.376510 95.812760
361 17 912.847105 764.648139 757.343764 7.304375 155.503341 148.198966
361 24 949.226514 790.986276 784.185651 6.800625 165.040863 158.240238
361 29 845.125291 728.573667 720.009917 8.563750 125.115374 116.551624
361 8 856.790164 870.434713 864.011900 6.422813 -7.221736 -13.644549
361 9 889.837755 807.063519 800.011019 7.052500 89.826736 82.774236
361 18 852.707917 732.521761 725.343324 7.178437 127.364593 120.186156
361 19 859.283604 725.553608 719.508608 6.045000 139.774996 133.729996
361 26 782.968291 730.682831 723.378456 7.304375 59.589836 52.285461
361 25 883.067345 767.960857 762.293669 5.667187 120.773676 115.106488
361 20 840.580028 761.951422 755.528609 6.422813 85.051419 78.628606
361 23 807.060991 736.706841 728.736815 7.970026 78.324176 70.354150
361 28 889.185332 827.637042 819.828917 7.808125 69.356415 61.548290
361 7 767.297243 716.370879 707.303379 9.067500 59.993864 50.926364
361 16 837.462124 780.419311 771.603686 8.815625 65.858438 57.042813
361 22 837.185062 780.167436 771.603686 8.563750 65.581375 57.017625
361 11 873.924286 774.608244 768.185431 6.422813 105.738855 99.316042
361 21 841.046820 752.033834 744.854805 7.179029 96.192015 89.012986
361 15 785.323323 732.823768 723.378456 9.445312 61.944867 52.499554
361 13 885.583519 824.362667 819.828917 4.533750 65.754603 61.220853
361 12 840.718559 729.927206 723.378456 6.548750 117.340103 110.791353
361 10 845.486728 732.109658 723.294033 8.815625 122.192694 113.377069
361 30 861.544013 778.278374 771.603686 6.674688 89.940326 83.265639
361 27 844.864219 768.191343 760.886968 7.304375 83.977251 76.672876
421 8 989.667177 794.166026 787.692046 6.473980 201.975131 195.501152
421 10 808.160744 750.916806 742.101181 8.815625 66.059563 57.243938
421 21 879.491136 819.662909 812.483880 7.179029 67.007255 59.828227
421 28 949.585446 882.871175 875.063050 7.808125 74.522395 66.714270
421 25 894.416005 835.738214 830.071027 5.667187 64.344978 58.677791
421 19 808.638860 771.017459 764.972459 6.045000 43.666401 37.621401
421 29 848.945115 747.203389 738.639639 8.563750 110.305476 101.741726
421 24 860.603601 819.284505 812.483880 6.800625 48.119720 41.319095
421 11 896.446935 835.154820 828.732007 6.422813 67.714928 61.292115
421 18 790.160435 756.641803 749.463365 7.178437 40.697070 33.518632
421 7 816.817157 770.704787 761.637287 9.067500 55.179870 46.112370
421 26 842.511421 785.145342 777.840967 7.304375 64.670454 57.366079
421 20 871.154141 816.671141 810.248328 6.422813 60.905813 54.483000
421 23 820.212995 785.810993 777.840967 7.970026 42.372028 34.402002
421 16 895.046536 835.267634 826.452009 8.815625 68.594527 59.778902
421 22 881.927727 835.015759 826.452009 8.563750 55.475718 46.911968
421 15 807.786716 787.286280 777.840967 9.445312 29.945749 20.500436
421 13 945.983633 879.596800 875.063050 4.533750 70.920583 66.386833
421 12 756.849785 735.778676 729.229926 6.548750 27.619859 21.071109
421 30 839.595095 784.515655 777.840967 6.674688 61.754128 55.079441
421 27 844.804116 758.224944 750.920569 7.304375 93.883547 86.579172
421 9 825.677112 719.184311 712.131811 7.052500 113.545300 106.492800
421 14 767.270856 628.867344 620.303594 8.563750 146.967263 138.403513
421 17 819.285250 670.810747 663.506372 7.304375 155.778878 148.474503
481 13 1015.385061 910.277500 905.743750 4.533750 109.641312 105.107562
481 28 982.757124 847.679602 839.871477 7.808125 142.885647 135.077522
481 15 852.734709 724.661292 715.215979 9.445312 137.518730 128.073417
481 27 861.950719 781.303579 773.999204 7.304375 87.951515 80.647140
481 20 909.067239 824.336865 817.914053 6.422813 91.153187 84.730374
481 29 845.437678 771.523807 762.960057 8.563750 82.477621 73.913871
481 26 873.953938 792.282291 784.977916 7.304375 88.976021 81.671646
481 9 765.114010 667.610990 660.558490 7.052500 104.555520 97.503020
481 22 871.668698 756.531135 747.967385 8.563750 123.701313 115.137563
481 23 837.062799 712.125243 704.155217 7.970026 132.907582 124.937556
481 25 863.682253 746.631001 740.963814 5.667187 122.718440 117.051252
481 12 824.723138 735.855439 729.306689 6.548750 95.416449 88.867699
481 14 697.819766 650.818409 642.254659 8.563750 55.565107 47.001357
481 18 873.986408 814.068342 806.889904 7.178437 67.096504 59.918066
481 10 875.787314 815.705529 806.889904 8.815625 68.897410 60.081785
481 24 892.212710 802.755048 795.954423 6.800625 96.258287 89.457662
481 19 860.921494 769.067698 763.022698 6.045000 97.898796 91.853796
481 30 858.108152 774.295730 767.621042 6.674688 90.487110 83.812423
481 16 905.749757 820.351545 811.535920 8.815625 94.213836 85.398211
481 8 833.050060 699.783875 693.309896 6.473980 139.740164 133.266184
481 11 927.285854 840.714061 834.291248 6.422813 92.994605 86.571793
481 21 910.074147 819.474033 812.295005 7.179029 97.779142 90.600114
481 7 841.451747 749.219511 740.152011 9.067500 101.299736 92.232236
481 17 759.886679 715.431307 708.126932 7.304375 51.759748 44.455373
541 19 825.550459 809.485588 803.440588 6.045000 22.109870 16.064870
541 13 945.846110 923.584875 919.051125 4.533750 26.794985 22.261235
541 24 942.498130 843.721003 836.920378 6.800625 105.577752 98.777127
541 18 893.208794 844.098816 836.920378 7.178437 56.288416 49.109978
541 20 880.078868 841.923835 835.501023 6.422813 44.577845 38.155033
541 12 840.346923 780.779698 774.230948 6.548750 66.115975 59.567225
541 10 858.324039 845.736003 836.920378 8.815625 21.403661 12.588036
541 16 880.575435 861.026668 852.211043 8.815625 28.364392 19.548767
541 7 804.340373 783.298448 774.230948 9.067500 30.109425 21.041925
541 28 839.022033 815.459114 807.650989 7.808125 31.371044 23.562919
541 17 826.588923 779.427301 772.122926 7.304375 54.465997 47.161622
541 23 797.330168 761.339681 753.369655 7.970026 43.960513 35.990487
541 26 904.446555 846.562020 839.257645 7.304375 65.188910 57.884535
541 29 859.727521 828.892985 820.329235 8.563750 39.398286 30.834536
541 21 884.303354 860.988054 853.809025 7.179029 30.494329 23.315300
541 27 886.154248 829.778340 822.473965 7.304375 63.680283 56.375908
541 30 880.341516 845.932332 839.257645 6.674688 41.083871 34.409183
541 8 813.814322 759.843634 753.369655 6.473980 60.444667 53.970688
541 9 764.377104 726.942364 719.889864 7.052500 44.487240 37.434740
541 22 843.612282 828.892985 820.329235 8.563750 23.283047 14.719297
541 25 849.590993 792.516632 786.849445 5.667187 62.741548 57.074361
541 11 927.900790 893.711628 887.288815 6.422813 40.611974 34.189162
541 14 725.010980 682.534575 673.970825 8.563750 51.040155 42.476405
541 15 815.529971 768.270972 758.825660 9.445312 56.704312 47.258999
601 10 807.132736 670.176948 661.361323 8.815625 145.771413 136.955788
601 26 855.427383 808.704958 801.400583 7.304375 54.026801 46.722426
601 24 863.658218 785.861845 779.061220 6.800625 84.596998 77.796373
601 18 852.916226 668.539761 661.361323 7.178437 191.554903 184.376465
601 8 825.662549 785.535199 779.061220 6.473980 46.601329 40.127350
601 20 857.431643 663.683617 657.260805 6.422813 200.170838 193.748026
601 16 802.687406 677.216443 668.400818 8.815625 134.286588 125.470963
601 28 808.112199 614.938868 607.130743 7.808125 200.981456 193.173331
601 11 942.416580 763.065004 756.642192 6.422813 185.774388 179.351575
601 15 776.104258 651.128391 641.683078 9.445312 134.421180 124.975868
601 13 962.834882 832.379225 827.845475 4.533750 134.989407 130.455657
601 12 811.198741 710.495904 703.947154 6.548750 107.251587 100.702837
601 14 721.558554 628.055354 619.491604 8.563750 102.066950 93.503200
601 25 908.513522 849.964834 844.297647 5.667187 64.215875 58.548687
601 23 846.872780 756.635422 748.665396 7.970026 98.207384 90.237358
601 9 760.995119 654.340335 647.287835 7.052500 113.707284 106.654784
601 30 858.586455 745.994943 739.320256 6.674688 119.266199 112.591512
601 17 813.559434 695.831636 688.527261 7.304375 125.032172 117.727797
601 19 844.425461 675.892416 669.847416 6.045000 174.578045 168.533045
601 27 848.884508 791.773959 784.469584 7.304375 64.414923 57.110548
601 7 871.426362 718.675205 709.607705 9.067500 161.818657 152.751157
601 29 832.398533 697.948858 689.385108 8.563750 143.013424 134.449674
601 22 875.700345 697.948858 689.385108 8.563750 186.315237 177.751487
601 21 847.184878 730.192679 723.013650 7.179029 124.171228 116.992200
661 26 877.642800 707.694666 700.390291 7.304375 177.252509 169.948134
661 16 768.893482 610.018397 601.202772 8.815625 167.690711 158.875086
661 21 804.611970 654.931357 647.752328 7.179029 156.859642 149.680613
661 27 846.856036 690.615587 683.311212 7.304375 163.544823 156.240448
661 8 852.494534 710.951572 704.477593 6.473980 148.016941 141.542961
661 10 758.368415 611.165152 602.349527 8.815625 156.018888 147.203263
661 13 936.466078 830.972026 826.438276 4.533750 110.027801 105.494051
661 25 921.653867 832.649284 826.982096 5.667187 94.671770 89.004583
661 30 816.817581 712.782684 706.107997 6.674688 110.709584 104.034896
661 19 793.209137 741.734292 735.689292 6.045000 57.519845 51.474845
661 9 756.862166 708.527501 701.475001 7.052500 55.387165 48.334665
661 23 888.964718 829.195044 821.225018 7.970026 67.739699 59.769673
661 14 740.447910 692.459456 683.895706 8.563750 56.552204 47.988454
661 12 831.944860 775.924274 769.375524 6.548750 62.569336 56.020586
661 15 759.494260 710.920314 701.475001 9.445312 58.019259 48.573946
661 11 826.661261 777.798290 771.375477 6.422813 55.285783 48.862971
661 28 669.687102 642.061830 634.253705 7.808125 35.433398 27.625273
661 17 787.540992 741.778782 734.474407 7.304375 53.066585 45.762210
661 7 809.746188 761.347061 752.279561 9.067500 57.466628 48.399128
661 29 783.599104 705.686769 697.123019 8.563750 86.476085 77.912335
661 24 848.980566 772.484531 765.683906 6.800625 83.296660 76.496035
661 22 762.673259 711.378341 702.814591 8.563750 59.858668 51.294918
661 20 703.452750 657.751232 651.328420 6.422813 52.124330 45.701518
661 18 718.181501 675.647079 668.468641 7.178437 49.712860 42.534422
721 18 771.104758 721.324641 714.146204 7.178437 56.958554 49.780116
721 20 751.195355 703.152587 696.729774 6.422813 54.465580 48.042768
721 7 885.607492 829.440684 820.373184 9.067500 65.234308 56.166808
721 15 830.832966 775.840804 766.395492 9.445312 64.437475 54.992162
721 12 901.870576 844.375094 837.826344 6.548750 64.044231 57.495481
721 14 808.918532 759.124294 750.560544 8.563750 58.357988 49.794238
721 9 828.200873 773.447992 766.395492 7.052500 61.805381 54.752881
721 30 844.907981 792.141551 785.466864 6.674688 59.441117 52.766429
721 13 975.788910 912.172734 907.638984 4.533750 68.149926 63.616176
721 10 707.737574 672.110369 663.294744 8.815625 44.442830 35.627205
721 27 782.210034 740.411759 733.107384 7.304375 49.102650 41.798275
721 21 744.004735 705.380092 698.201064 7.179029 45.803672 38.624643
721 26 801.243743 757.864919 750.560544 7.304375 50.683199 43.378824
721 16 707.737574 672.110369 663.294744 8.815625 44.442830 35.627205
721 25 953.008391 911.394115 905.726927 5.667187 47.281464 41.614277
721 28 752.719198 704.537899 696.729774 7.808125 55.989424 48.181299
721 29 829.863248 774.959242 766.395492 8.563750 63.467756 54.904006
721 24 889.290535 842.861835 836.061210 6.800625 53.229325 46.428700
721 22 829.863248 774.959242 766.395492 8.563750 63.467756 54.904006
721 8 800.330308 757.034523 750.560544 6.473980 49.769764 43.295784
721 17 864.634346 810.224399 802.920024 7.304375 61.714321 54.409946
721 19 865.249054 807.273351 801.228351 6.045000 64.020703 57.975703
721 23 962.757660 896.280524 888.310498 7.970026 74.447162 66.477136
721 11 899.149265 842.484022 836.061210 6.422813 63.088055 56.665243
