IT_NO ID MORTGAGES MORTGAGE_COST HOUSING_UNITS HOUSING_VALUE EQUITY_RATIO LIQUIDITY
1 58 340.424678 0.251734 6 607.138112 0.501994 -0.251734
1 67 341.523177 0.255068 6 607.138112 0.501994 -0.255068
1 71 341.747870 0.255750 6 607.138112 0.501994 -0.255750
1 73 340.449644 0.251809 6 607.138112 0.501994 -0.251809
1 74 341.822767 0.255978 6 607.138112 0.501994 -0.255978
1 77 341.473245 0.254917 6 607.138112 0.501994 -0.254917
1 78 341.248552 0.254235 6 607.138112 0.501994 -0.254235
1 79 342.272153 0.257342 6 607.138112 0.501994 -0.257342
1 81 341.523177 0.255068 6 607.138112 0.501994 -0.255068
1 87 340.849098 0.253022 6 607.138112 0.501994 -0.253022
1 88 341.997529 0.256508 6 607.138112 0.501994 -0.256508
1 89 341.348416 0.254538 6 607.138112 0.501994 -0.254538
1 90 342.546778 0.258176 6 607.138112 0.501994 -0.258176
1 97 342.047460 0.256660 6 607.138112 0.501994 -0.256660
1 100 341.098757 0.253780 6 607.138112 0.501994 -0.253780
1 110 341.573109 0.255220 6 607.138112 0.501994 -0.255220
1 111 341.972563 0.256432 6 607.138112 0.501994 -0.256432
1 112 340.374747 0.251582 6 607.138112 0.501994 -0.251582
1 115 341.048825 0.253628 6 607.138112 0.501994 -0.253628
1 116 257.500000 0.000000 5 505.948427 0.501994 17.061985
1 127 340.824132 0.252946 6 607.138112 0.501994 -0.252946
1 128 341.423313 0.254765 6 607.138112 0.501994 -0.254765
1 137 341.073791 0.253704 6 607.138112 0.501994 -0.253704
1 146 342.446914 0.257872 6 607.138112 0.501994 -0.257872
1 153 341.423313 0.254765 6 607.138112 0.501994 -0.254765
1 159 342.546778 0.258176 6 607.138112 0.501994 -0.258176
1 162 342.571744 0.258251 6 607.138112 0.501994 -0.258251
1 165 342.147324 0.256963 6 607.138112 0.501994 -0.256963
1 172 340.474610 0.251885 6 607.138112 0.501994 -0.251885
1 173 341.847733 0.256054 6 607.138112 0.501994 -0.256054
1 189 341.023859 0.253553 6 607.138112 0.501994 -0.253553
1 190 340.824132 0.252946 6 607.138112 0.501994 -0.252946
1 203 340.874064 0.253098 6 607.138112 0.501994 -0.253098
1 209 340.349781 0.251506 6 607.138112 0.501994 -0.251506
1 213 340.649371 0.252416 6 607.138112 0.501994 -0.252416
1 220 340.973928 0.253401 6 607.138112 0.501994 -0.253401
1 223 342.446914 0.257872 6 607.138112 0.501994 -0.257872
1 247 341.722904 0.255675 6 607.138112 0.501994 -0.255675
1 254 342.621676 0.258403 6 607.138112 0.501994 -0.258403
1 263 340.399712 0.251658 6 607.138112 0.501994 -0.251658
1 264 340.874064 0.253098 6 607.138112 0.501994 -0.253098
1 267 342.122358 0.256887 6 607.138112 0.501994 -0.256887
1 269 342.247187 0.257266 6 607.138112 0.501994 -0.257266
1 274 341.623040 0.255371 6 607.138112 0.501994 -0.255371
1 276 340.574474 0.252188 6 607.138112 0.501994 -0.252188
1 284 341.323450 0.254462 6 607.138112 0.501994 -0.254462
1 285 342.097392 0.256811 6 607.138112 0.501994 -0.256811
1 287 341.223586 0.254159 6 607.138112 0.501994 -0.254159
1 294 342.122358 0.256887 6 607.138112 0.501994 -0.256887
1 298 342.521812 0.258100 6 607.138112 0.501994 -0.258100
1 300 341.323450 0.254462 6 607.138112 0.501994 -0.254462
1 307 340.499576 0.251961 6 607.138112 0.501994 -0.251961
1 312 340.399712 0.251658 6 607.138112 0.501994 -0.251658
1 320 341.772836 0.255826 6 607.138112 0.501994 -0.255826
1 347 342.671607 0.258555 6 607.138112 0.501994 -0.258555
1 351 341.398348 0.254689 6 607.138112 0.501994 -0.254689
1 352 341.298484 0.254386 6 607.138112 0.501994 -0.254386
1 354 341.348416 0.254538 6 607.138112 0.501994 -0.254538
1 359 340.923996 0.253249 6 607.138112 0.501994 -0.253249
1 360 341.897665 0.256205 6 607.138112 0.501994 -0.256205
1 362 341.273518 0.254310 6 607.138112 0.501994 -0.254310
1 371 341.598075 0.255296 6 607.138112 0.501994 -0.255296
1 378 340.998893 0.253477 6 607.138112 0.501994 -0.253477
1 381 341.248552 0.254235 6 607.138112 0.501994 -0.254235
1 390 341.123723 0.253856 6 607.138112 0.501994 -0.253856
1 400 342.097392 0.256811 6 607.138112 0.501994 -0.256811
1 409 342.372017 0.257645 6 607.138112 0.501994 -0.257645
1 410 342.521812 0.258100 6 607.138112 0.501994 -0.258100
1 416 341.048825 0.253628 6 607.138112 0.501994 -0.253628
1 420 257.500000 0.000000 5 505.948427 0.501994 17.061985
1 432 257.500000 0.000000 5 505.948427 0.501994 17.061985
1 433 341.997529 0.256508 6 607.138112 0.501994 -0.256508
1 438 340.849098 0.253022 6 607.138112 0.501994 -0.253022
1 441 341.248552 0.254235 6 607.138112 0.501994 -0.254235
1 456 340.674337 0.252491 6 607.138112 0.501994 -0.252491
1 459 340.849098 0.253022 6 607.138112 0.501994 -0.253022
1 460 342.372017 0.257645 6 607.138112 0.501994 -0.257645
1 469 340.799166 0.252870 6 607.138112 0.501994 -0.252870
1 474 341.997529 0.256508 6 607.138112 0.501994 -0.256508
1 475 340.649371 0.252416 6 607.138112 0.501994 -0.252416
1 482 342.222222 0.257190 6 607.138112 0.501994 -0.257190
1 485 340.549508 0.252113 6 607.138112 0.501994 -0.252113
1 486 341.797802 0.255902 6 607.138112 0.501994 -0.255902
1 494 341.448279 0.254841 6 607.138112 0.501994 -0.254841
1 497 341.448279 0.254841 6 607.138112 0.501994 -0.254841
1 502 342.596710 0.258327 6 607.138112 0.501994 -0.258327
1 504 341.847733 0.256054 6 607.138112 0.501994 -0.256054
1 510 342.347051 0.257569 6 607.138112 0.501994 -0.257569
1 511 340.774201 0.252795 6 607.138112 0.501994 -0.252795
1 513 341.298484 0.254386 6 607.138112 0.501994 -0.254386
1 514 342.172290 0.257039 6 607.138112 0.501994 -0.257039
1 517 342.571744 0.258251 6 607.138112 0.501994 -0.258251
1 526 340.474610 0.251885 6 607.138112 0.501994 -0.251885
1 532 342.172290 0.257039 6 607.138112 0.501994 -0.257039
1 536 341.173655 0.254007 6 607.138112 0.501994 -0.254007
1 538 341.897665 0.256205 6 607.138112 0.501994 -0.256205
1 544 341.273518 0.254310 6 607.138112 0.501994 -0.254310
1 554 341.997529 0.256508 6 607.138112 0.501994 -0.256508
1 566 342.621676 0.258403 6 607.138112 0.501994 -0.258403
1 570 341.972563 0.256432 6 607.138112 0.501994 -0.256432
1 582 341.523177 0.255068 6 607.138112 0.501994 -0.255068
1 586 342.671607 0.258555 6 607.138112 0.501994 -0.258555
1 588 342.521812 0.258100 6 607.138112 0.501994 -0.258100
1 613 341.148689 0.253931 6 607.138112 0.501994 -0.253931
1 629 341.648006 0.255447 6 607.138112 0.501994 -0.255447
1 637 340.399712 0.251658 6 607.138112 0.501994 -0.251658
1 638 340.374747 0.251582 6 607.138112 0.501994 -0.251582
1 643 340.923996 0.253249 6 607.138112 0.501994 -0.253249
1 644 341.348416 0.254538 6 607.138112 0.501994 -0.254538
1 651 340.849098 0.253022 6 607.138112 0.501994 -0.253022
1 652 341.573109 0.255220 6 607.138112 0.501994 -0.255220
1 658 342.446914 0.257872 6 607.138112 0.501994 -0.257872
1 661 341.223586 0.254159 6 607.138112 0.501994 -0.254159
1 668 341.373382 0.254614 6 607.138112 0.501994 -0.254614
1 677 341.972563 0.256432 6 607.138112 0.501994 -0.256432
1 688 341.847733 0.256054 6 607.138112 0.501994 -0.256054
1 689 341.573109 0.255220 6 607.138112 0.501994 -0.255220
1 693 340.374747 0.251582 6 607.138112 0.501994 -0.251582
1 697 342.322085 0.257494 6 607.138112 0.501994 -0.257494
1 700 340.749235 0.252719 6 607.138112 0.501994 -0.252719
1 720 341.598075 0.255296 6 607.138112 0.501994 -0.255296
1 735 340.874064 0.253098 6 607.138112 0.501994 -0.253098
1 741 341.997529 0.256508 6 607.138112 0.501994 -0.256508
1 742 341.997529 0.256508 6 607.138112 0.501994 -0.256508
1 743 341.747870 0.255750 6 607.138112 0.501994 -0.255750
1 744 342.372017 0.257645 6 607.138112 0.501994 -0.257645
1 746 341.348416 0.254538 6 607.138112 0.501994 -0.254538
1 753 341.972563 0.256432 6 607.138112 0.501994 -0.256432
1 756 340.799166 0.252870 6 607.138112 0.501994 -0.252870
1 760 342.471880 0.257948 6 607.138112 0.501994 -0.257948
1 762 341.023859 0.253553 6 607.138112 0.501994 -0.253553
1 767 257.500000 0.000000 5 505.948427 0.501994 17.061985
1 768 340.749235 0.252719 6 607.138112 0.501994 -0.252719
1 784 342.571744 0.258251 6 607.138112 0.501994 -0.258251
1 794 341.997529 0.256508 6 607.138112 0.501994 -0.256508
1 795 340.899030 0.253174 6 607.138112 0.501994 -0.253174
1 803 342.097392 0.256811 6 607.138112 0.501994 -0.256811
1 804 257.500000 0.000000 5 505.948427 0.501994 17.061985
1 811 340.424678 0.251734 6 607.138112 0.501994 -0.251734
1 817 342.372017 0.257645 6 607.138112 0.501994 -0.257645
1 819 340.649371 0.252416 6 607.138112 0.501994 -0.252416
1 820 342.322085 0.257494 6 607.138112 0.501994 -0.257494
1 829 342.446914 0.257872 6 607.138112 0.501994 -0.257872
1 835 342.596710 0.258327 6 607.138112 0.501994 -0.258327
1 848 342.272153 0.257342 6 607.138112 0.501994 -0.257342
1 852 341.697938 0.255599 6 607.138112 0.501994 -0.255599
1 857 340.474610 0.251885 6 607.138112 0.501994 -0.251885
1 861 341.198621 0.254083 6 607.138112 0.501994 -0.254083
1 868 342.097392 0.256811 6 607.138112 0.501994 -0.256811
1 871 340.749235 0.252719 6 607.138112 0.501994 -0.252719
1 873 341.623040 0.255371 6 607.138112 0.501994 -0.255371
1 874 341.248552 0.254235 6 607.138112 0.501994 -0.254235
1 878 340.998893 0.253477 6 607.138112 0.501994 -0.253477
1 879 342.396983 0.257721 6 607.138112 0.501994 -0.257721
1 885 342.222222 0.257190 6 607.138112 0.501994 -0.257190
1 891 342.372017 0.257645 6 607.138112 0.501994 -0.257645
1 899 341.847733 0.256054 6 607.138112 0.501994 -0.256054
1 905 342.621676 0.258403 6 607.138112 0.501994 -0.258403
1 915 341.073791 0.253704 6 607.138112 0.501994 -0.253704
1 924 340.649371 0.252416 6 607.138112 0.501994 -0.252416
1 928 341.598075 0.255296 6 607.138112 0.501994 -0.255296
1 929 342.072426 0.256736 6 607.138112 0.501994 -0.256736
1 933 341.123723 0.253856 6 607.138112 0.501994 -0.253856
1 937 340.374747 0.251582 6 607.138112 0.501994 -0.251582
1 945 341.173655 0.254007 6 607.138112 0.501994 -0.254007
1 948 341.548143 0.255144 6 607.138112 0.501994 -0.255144
1 952 340.724269 0.252643 6 607.138112 0.501994 -0.252643
1 963 341.148689 0.253931 6 607.138112 0.501994 -0.253931
1 967 342.671607 0.258555 6 607.138112 0.501994 -0.258555
1 971 340.499576 0.251961 6 607.138112 0.501994 -0.251961
1 972 341.548143 0.255144 6 607.138112 0.501994 -0.255144
1 974 342.621676 0.258403 6 607.138112 0.501994 -0.258403
1 975 340.499576 0.251961 6 607.138112 0.501994 -0.251961
1 979 340.799166 0.252870 6 607.138112 0.501994 -0.252870
1 983 341.198621 0.254083 6 607.138112 0.501994 -0.254083
1 987 340.449644 0.251809 6 607.138112 0.501994 -0.251809
1 995 341.623040 0.255371 6 607.138112 0.501994 -0.255371
1 1002 342.471880 0.257948 6 607.138112 0.501994 -0.257948
1 1023 341.373382 0.254614 6 607.138112 0.501994 -0.254614
1 1031 342.122358 0.256887 6 607.138112 0.501994 -0.256887
1 1037 341.947597 0.256357 6 607.138112 0.501994 -0.256357
1 1044 341.223586 0.254159 6 607.138112 0.501994 -0.254159
1 1049 342.372017 0.257645 6 607.138112 0.501994 -0.257645
1 1054 340.849098 0.253022 6 607.138112 0.501994 -0.253022
1 1064 340.549508 0.252113 6 607.138112 0.501994 -0.252113
1 1067 341.323450 0.254462 6 607.138112 0.501994 -0.254462
1 1073 342.696573 0.258630 6 607.138112 0.501994 -0.258630
1 1077 342.172290 0.257039 6 607.138112 0.501994 -0.257039
1 1078 342.347051 0.257569 6 607.138112 0.501994 -0.257569
1 1081 342.596710 0.258327 6 607.138112 0.501994 -0.258327
1 1082 341.897665 0.256205 6 607.138112 0.501994 -0.256205
1 1085 341.797802 0.255902 6 607.138112 0.501994 -0.255902
1 1086 340.849098 0.253022 6 607.138112 0.501994 -0.253022
1 1087 341.473245 0.254917 6 607.138112 0.501994 -0.254917
1 1088 341.847733 0.256054 6 607.138112 0.501994 -0.256054
1 1091 341.223586 0.254159 6 607.138112 0.501994 -0.254159
1 1102 340.324815 0.251430 6 607.138112 0.501994 -0.251430
1 1108 342.671607 0.258555 6 607.138112 0.501994 -0.258555
1 1116 341.872699 0.256129 6 607.138112 0.501994 -0.256129
1 1118 340.749235 0.252719 6 607.138112 0.501994 -0.252719
1 1126 342.022494 0.256584 6 607.138112 0.501994 -0.256584
1 1128 340.699303 0.252567 6 607.138112 0.501994 -0.252567
1 1136 342.446914 0.257872 6 607.138112 0.501994 -0.257872
1 1142 341.672972 0.255523 6 607.138112 0.501994 -0.255523
1 1145 340.874064 0.253098 6 607.138112 0.501994 -0.253098
1 1148 340.948962 0.253325 6 607.138112 0.501994 -0.253325
1 1153 257.500000 0.000000 5 505.948427 0.501994 17.061985
1 1158 341.273518 0.254310 6 607.138112 0.501994 -0.254310
1 1165 342.521812 0.258100 6 607.138112 0.501994 -0.258100
1 1167 340.724269 0.252643 6 607.138112 0.501994 -0.252643
1 1169 341.672972 0.255523 6 607.138112 0.501994 -0.255523
1 1171 340.349781 0.251506 6 607.138112 0.501994 -0.251506
1 1189 340.899030 0.253174 6 607.138112 0.501994 -0.253174
1 1195 340.674337 0.252491 6 607.138112 0.501994 -0.252491
1 1196 341.048825 0.253628 6 607.138112 0.501994 -0.253628
1 1199 341.498211 0.254992 6 607.138112 0.501994 -0.254992
1 1209 341.947597 0.256357 6 607.138112 0.501994 -0.256357
1 1214 342.047460 0.256660 6 607.138112 0.501994 -0.256660
1 1215 342.122358 0.256887 6 607.138112 0.501994 -0.256887
1 1221 340.874064 0.253098 6 607.138112 0.501994 -0.253098
1 1229 341.722904 0.255675 6 607.138112 0.501994 -0.255675
1 1231 341.248552 0.254235 6 607.138112 0.501994 -0.254235
1 1232 342.396983 0.257721 6 607.138112 0.501994 -0.257721
1 1234 340.499576 0.251961 6 607.138112 0.501994 -0.251961
1 1240 340.399712 0.251658 6 607.138112 0.501994 -0.251658
1 1242 341.872699 0.256129 6 607.138112 0.501994 -0.256129
1 1247 340.599439 0.252264 6 607.138112 0.501994 -0.252264
1 1248 341.273518 0.254310 6 607.138112 0.501994 -0.254310
1 1252 340.424678 0.251734 6 607.138112 0.501994 -0.251734
1 1253 340.674337 0.252491 6 607.138112 0.501994 -0.252491
1 1254 257.500000 0.000000 5 505.948427 0.501994 17.061985
1 1255 341.623040 0.255371 6 607.138112 0.501994 -0.255371
1 1258 341.273518 0.254310 6 607.138112 0.501994 -0.254310
1 1273 257.500000 0.000000 5 505.948427 0.501994 17.061985
1 1277 341.498211 0.254992 6 607.138112 0.501994 -0.254992
1 1278 340.374747 0.251582 6 607.138112 0.501994 -0.251582
1 1285 341.448279 0.254841 6 607.138112 0.501994 -0.254841
1 1292 341.423313 0.254765 6 607.138112 0.501994 -0.254765
1 1294 341.523177 0.255068 6 607.138112 0.501994 -0.255068
1 1306 341.672972 0.255523 6 607.138112 0.501994 -0.255523
1 1312 342.621676 0.258403 6 607.138112 0.501994 -0.258403
1 1320 341.348416 0.254538 6 607.138112 0.501994 -0.254538
1 1322 340.424678 0.251734 6 607.138112 0.501994 -0.251734
1 1324 340.998893 0.253477 6 607.138112 0.501994 -0.253477
1 1360 341.947597 0.256357 6 607.138112 0.501994 -0.256357
1 1382 341.797802 0.255902 6 607.138112 0.501994 -0.255902
1 1389 341.722904 0.255675 6 607.138112 0.501994 -0.255675
1 1400 340.923996 0.253249 6 607.138112 0.501994 -0.253249
1 1636 340.849098 0.253022 6 607.138112 0.501994 -0.253022
1 1634 342.646641 0.258479 6 607.138112 0.501994 -0.258479
1 1632 341.548143 0.255144 6 607.138112 0.501994 -0.255144
1 1623 342.646641 0.258479 6 607.138112 0.501994 -0.258479
1 1620 342.022494 0.256584 6 607.138112 0.501994 -0.256584
1 1613 342.671607 0.258555 6 607.138112 0.501994 -0.258555
1 1612 341.298484 0.254386 6 607.138112 0.501994 -0.254386
1 1606 342.047460 0.256660 6 607.138112 0.501994 -0.256660
1 1594 342.671607 0.258555 6 607.138112 0.501994 -0.258555
1 1593 340.449644 0.251809 6 607.138112 0.501994 -0.251809
1 1590 341.772836 0.255826 6 607.138112 0.501994 -0.255826
1 1585 340.324815 0.251430 6 607.138112 0.501994 -0.251430
1 1584 340.724269 0.252643 6 607.138112 0.501994 -0.252643
1 1566 342.297119 0.257418 6 607.138112 0.501994 -0.257418
1 1559 257.500000 0.000000 5 505.948427 0.501994 17.061985
1 1553 342.421949 0.257797 6 607.138112 0.501994 -0.257797
1 1531 257.500000 0.000000 5 505.948427 0.501994 17.061985
1 1528 340.923996 0.253249 6 607.138112 0.501994 -0.253249
1 1519 342.421949 0.257797 6 607.138112 0.501994 -0.257797
1 1517 341.897665 0.256205 6 607.138112 0.501994 -0.256205
1 1516 342.297119 0.257418 6 607.138112 0.501994 -0.257418
1 1506 342.272153 0.257342 6 607.138112 0.501994 -0.257342
1 1504 341.797802 0.255902 6 607.138112 0.501994 -0.255902
1 1493 342.072426 0.256736 6 607.138112 0.501994 -0.256736
1 1492 341.423313 0.254765 6 607.138112 0.501994 -0.254765
1 1491 340.374747 0.251582 6 607.138112 0.501994 -0.251582
1 1482 341.123723 0.253856 6 607.138112 0.501994 -0.253856
1 1474 342.047460 0.256660 6 607.138112 0.501994 -0.256660
1 1471 341.173655 0.254007 6 607.138112 0.501994 -0.254007
1 1466 341.398348 0.254689 6 607.138112 0.501994 -0.254689
1 1463 340.549508 0.252113 6 607.138112 0.501994 -0.252113
1 1460 341.048825 0.253628 6 607.138112 0.501994 -0.253628
1 1450 340.923996 0.253249 6 607.138112 0.501994 -0.253249
1 1447 341.273518 0.254310 6 607.138112 0.501994 -0.254310
1 1430 342.097392 0.256811 6 607.138112 0.501994 -0.256811
1 1420 342.396983 0.257721 6 607.138112 0.501994 -0.257721
1 1416 341.648006 0.255447 6 607.138112 0.501994 -0.255447
1 1414 341.473245 0.254917 6 607.138112 0.501994 -0.254917
1 1413 340.574474 0.252188 6 607.138112 0.501994 -0.252188
1 1396 342.446914 0.257872 6 607.138112 0.501994 -0.257872
1 1358 341.123723 0.253856 6 607.138112 0.501994 -0.253856
1 1345 342.197256 0.257115 6 607.138112 0.501994 -0.257115
1 1343 340.599439 0.252264 6 607.138112 0.501994 -0.252264
1 1340 342.471880 0.257948 6 607.138112 0.501994 -0.257948
1 1311 340.699303 0.252567 6 607.138112 0.501994 -0.252567
1 1299 341.772836 0.255826 6 607.138112 0.501994 -0.255826
1 1290 340.973928 0.253401 6 607.138112 0.501994 -0.253401
1 1286 341.922631 0.256281 6 607.138112 0.501994 -0.256281
1 1303 156.689602 0.296787 4 404.758741 0.500000 16.765198
1 1330 156.514751 0.296055 4 404.758741 0.500000 16.765930
1 1333 155.140922 0.290301 4 404.758741 0.500000 16.771684
1 1361 156.839474 0.297415 4 404.758741 0.500000 16.764570
1 1369 156.439815 0.295741 4 404.758741 0.500000 16.766244
1 1373 156.040155 0.294067 4 404.758741 0.500000 16.767918
1 1377 157.339048 0.299508 4 404.758741 0.500000 16.762477
1 1381 156.090113 0.294276 4 404.758741 0.500000 16.767709
1 1412 156.814495 0.297310 4 404.758741 0.500000 16.764674
1 1415 156.614665 0.296473 4 404.758741 0.500000 16.765511
1 1432 156.190027 0.294695 4 404.758741 0.500000 16.767290
1 1434 257.500000 0.000000 5 505.948427 0.500000 17.061985
1 1440 155.765389 0.292916 4 404.758741 0.500000 16.769069
1 1454 157.089261 0.298461 4 404.758741 0.500000 16.763524
1 1458 155.740411 0.292812 4 404.758741 0.500000 16.769173
1 1459 156.539729 0.296160 4 404.758741 0.500000 16.765825
1 1467 155.190879 0.290510 4 404.758741 0.500000 16.771475
1 1469 156.090113 0.294276 4 404.758741 0.500000 16.767709
1 1475 156.964367 0.297938 4 404.758741 0.500000 16.764047
1 1477 156.514751 0.296055 4 404.758741 0.500000 16.765930
1 1490 156.364878 0.295427 4 404.758741 0.500000 16.766558
1 1495 156.914410 0.297729 4 404.758741 0.500000 16.764256
1 1505 155.415687 0.291451 4 404.758741 0.500000 16.770533
1 1511 156.165049 0.294590 4 404.758741 0.500000 16.767395
1 1512 155.090964 0.290091 4 404.758741 0.500000 16.771894
1 1529 155.340751 0.291138 4 404.758741 0.500000 16.770847
1 1530 155.390709 0.291347 4 404.758741 0.500000 16.770638
1 1532 155.315773 0.291033 4 404.758741 0.500000 16.770952
1 1548 155.390709 0.291347 4 404.758741 0.500000 16.770638
1 1549 155.865304 0.293335 4 404.758741 0.500000 16.768650
1 1556 155.315773 0.291033 4 404.758741 0.500000 16.770952
1 1562 155.765389 0.292916 4 404.758741 0.500000 16.769069
1 1563 155.815347 0.293125 4 404.758741 0.500000 16.768859
1 1564 156.115091 0.294381 4 404.758741 0.500000 16.767604
1 1567 157.438963 0.299926 4 404.758741 0.500000 16.762059
1 1580 156.489772 0.295950 4 404.758741 0.500000 16.766035
1 1586 155.090964 0.290091 4 404.758741 0.500000 16.771894
1 1588 156.514751 0.296055 4 404.758741 0.500000 16.765930
1 1589 156.914410 0.297729 4 404.758741 0.500000 16.764256
1 1595 156.764538 0.297101 4 404.758741 0.500000 16.764884
1 1598 156.239985 0.294904 4 404.758741 0.500000 16.767081
1 1605 156.989346 0.298043 4 404.758741 0.500000 16.763942
1 1608 155.690453 0.292602 4 404.758741 0.500000 16.769383
1 1610 156.065134 0.294172 4 404.758741 0.500000 16.767813
1 1614 156.689602 0.296787 4 404.758741 0.500000 16.765198
1 1617 156.289942 0.295113 4 404.758741 0.500000 16.766872
1 1618 156.889431 0.297624 4 404.758741 0.500000 16.764361
1 1625 155.065986 0.289987 4 404.758741 0.500000 16.771998
1 1628 156.339900 0.295323 4 404.758741 0.500000 16.766662
1 1635 157.364027 0.299612 4 404.758741 0.500000 16.762373
1 1393 155.590538 0.292184 4 404.758741 0.500000 16.769801
1 1391 155.665475 0.292498 4 404.758741 0.500000 16.769487
1 1390 156.914410 0.297729 4 404.758741 0.500000 16.764256
1 1378 156.464793 0.295846 4 404.758741 0.500000 16.766139
1 1359 155.365730 0.291242 4 404.758741 0.500000 16.770743
1 1357 156.539729 0.296160 4 404.758741 0.500000 16.765825
1 1349 156.889431 0.297624 4 404.758741 0.500000 16.764361
1 1339 156.289942 0.295113 4 404.758741 0.500000 16.766872
1 1323 155.740411 0.292812 4 404.758741 0.500000 16.769173
1 1316 155.640496 0.292393 4 404.758741 0.500000 16.769592
1 1313 155.240837 0.290719 4 404.758741 0.500000 16.771266
1 1308 157.289091 0.299298 4 404.758741 0.500000 16.762687
1 1307 156.639644 0.296578 4 404.758741 0.500000 16.765407
1 1304 257.500000 0.000000 5 505.948427 0.500000 17.061985
1 1301 155.465645 0.291661 4 404.758741 0.500000 16.770324
1 1298 155.715432 0.292707 4 404.758741 0.500000 16.769278
1 1293 155.090964 0.290091 4 404.758741 0.500000 16.771894
1 1283 157.389005 0.299717 4 404.758741 0.500000 16.762268
1 1282 257.500000 0.000000 5 505.948427 0.500000 17.061985
1 1280 156.215006 0.294799 4 404.758741 0.500000 16.767185
1 1274 156.489772 0.295950 4 404.758741 0.500000 16.766035
1 1272 155.290794 0.290928 4 404.758741 0.500000 16.771057
1 1268 157.114240 0.298566 4 404.758741 0.500000 16.763419
1 1265 155.140922 0.290301 4 404.758741 0.500000 16.771684
1 1264 257.500000 0.000000 5 505.948427 0.500000 17.061985
1 1263 156.140070 0.294486 4 404.758741 0.500000 16.767499
1 1262 156.514751 0.296055 4 404.758741 0.500000 16.765930
1 1256 155.765389 0.292916 4 404.758741 0.500000 16.769069
1 1250 156.589687 0.296369 4 404.758741 0.500000 16.765616
1 1243 155.640496 0.292393 4 404.758741 0.500000 16.769592
1 1239 156.539729 0.296160 4 404.758741 0.500000 16.765825
1 1236 156.364878 0.295427 4 404.758741 0.500000 16.766558
1 1223 155.140922 0.290301 4 404.758741 0.500000 16.771684
1 1217 156.314921 0.295218 4 404.758741 0.500000 16.766767
1 1213 155.315773 0.291033 4 404.758741 0.500000 16.770952
1 1204 155.865304 0.293335 4 404.758741 0.500000 16.768650
1 1202 157.164197 0.298775 4 404.758741 0.500000 16.763210
1 1190 156.140070 0.294486 4 404.758741 0.500000 16.767499
1 1186 157.314069 0.299403 4 404.758741 0.500000 16.762582
1 1185 157.214154 0.298984 4 404.758741 0.500000 16.763000
1 1184 155.915262 0.293544 4 404.758741 0.500000 16.768441
1 1176 156.914410 0.297729 4 404.758741 0.500000 16.764256
1 1161 155.190879 0.290510 4 404.758741 0.500000 16.771475
1 1152 156.864453 0.297520 4 404.758741 0.500000 16.764465
1 1149 157.389005 0.299717 4 404.758741 0.500000 16.762268
1 1141 155.990198 0.293858 4 404.758741 0.500000 16.768127
1 1138 156.739559 0.296997 4 404.758741 0.500000 16.764988
1 1135 155.665475 0.292498 4 404.758741 0.500000 16.769487
1 1133 155.115943 0.290196 4 404.758741 0.500000 16.771789
1 1130 156.140070 0.294486 4 404.758741 0.500000 16.767499
1 1120 156.239985 0.294904 4 404.758741 0.500000 16.767081
1 1119 257.500000 0.000000 5 505.948427 0.500000 17.061985
1 1115 156.414836 0.295636 4 404.758741 0.500000 16.766348
1 1112 157.289091 0.299298 4 404.758741 0.500000 16.762687
1 1110 155.590538 0.292184 4 404.758741 0.500000 16.769801
1 1105 156.839474 0.297415 4 404.758741 0.500000 16.764570
1 1084 155.215858 0.290614 4 404.758741 0.500000 16.771370
1 1080 157.389005 0.299717 4 404.758741 0.500000 16.762268
1 1071 157.389005 0.299717 4 404.758741 0.500000 16.762268
1 1069 156.739559 0.296997 4 404.758741 0.500000 16.764988
1 1057 156.589687 0.296369 4 404.758741 0.500000 16.765616
1 1055 156.389857 0.295532 4 404.758741 0.500000 16.766453
1 1050 257.500000 0.000000 5 505.948427 0.500000 17.061985
1 1034 155.390709 0.291347 4 404.758741 0.500000 16.770638
1 1025 155.390709 0.291347 4 404.758741 0.500000 16.770638
1 1024 155.965219 0.293753 4 404.758741 0.500000 16.768232
1 1019 155.290794 0.290928 4 404.758741 0.500000 16.771057
1 1015 156.015176 0.293962 4 404.758741 0.500000 16.768022
1 1011 257.500000 0.000000 5 505.948427 0.500000 17.061985
1 1004 155.140922 0.290301 4 404.758741 0.500000 16.771684
1 1003 157.014325 0.298147 4 404.758741 0.500000 16.763837
1 994 157.039304 0.298252 4 404.758741 0.500000 16.763733
1 991 156.964367 0.297938 4 404.758741 0.500000 16.764047
1 990 156.614665 0.296473 4 404.758741 0.500000 16.765511
1 981 155.965219 0.293753 4 404.758741 0.500000 16.768232
1 978 155.865304 0.293335 4 404.758741 0.500000 16.768650
1 968 157.364027 0.299612 4 404.758741 0.500000 16.762373
1 961 155.690453 0.292602 4 404.758741 0.500000 16.769383
1 949 155.165900 0.290405 4 404.758741 0.500000 16.771580
1 944 155.815347 0.293125 4 404.758741 0.500000 16.768859
1 931 155.490624 0.291765 4 404.758741 0.500000 16.770220
1 927 156.864453 0.297520 4 404.758741 0.500000 16.764465
1 916 156.414836 0.295636 4 404.758741 0.500000 16.766348
1 912 155.790368 0.293021 4 404.758741 0.500000 16.768964
1 911 156.714580 0.296892 4 404.758741 0.500000 16.765093
1 910 156.889431 0.297624 4 404.758741 0.500000 16.764361
1 909 156.489772 0.295950 4 404.758741 0.500000 16.766035
1 907 155.490624 0.291765 4 404.758741 0.500000 16.770220
1 903 156.839474 0.297415 4 404.758741 0.500000 16.764570
1 892 155.565560 0.292079 4 404.758741 0.500000 16.769906
1 882 155.640496 0.292393 4 404.758741 0.500000 16.769592
1 880 156.939389 0.297834 4 404.758741 0.500000 16.764151
1 860 156.914410 0.297729 4 404.758741 0.500000 16.764256
1 851 157.339048 0.299508 4 404.758741 0.500000 16.762477
1 843 156.439815 0.295741 4 404.758741 0.500000 16.766244
1 841 157.314069 0.299403 4 404.758741 0.500000 16.762582
1 839 157.064282 0.298357 4 404.758741 0.500000 16.763628
1 838 157.164197 0.298775 4 404.758741 0.500000 16.763210
1 825 155.440666 0.291556 4 404.758741 0.500000 16.770429
1 814 155.665475 0.292498 4 404.758741 0.500000 16.769487
1 810 155.865304 0.293335 4 404.758741 0.500000 16.768650
1 801 157.264112 0.299194 4 404.758741 0.500000 16.762791
1 799 157.114240 0.298566 4 404.758741 0.500000 16.763419
1 792 156.264964 0.295009 4 404.758741 0.500000 16.766976
1 786 157.114240 0.298566 4 404.758741 0.500000 16.763419
1 783 157.364027 0.299612 4 404.758741 0.500000 16.762373
1 778 157.438963 0.299926 4 404.758741 0.500000 16.762059
1 773 156.389857 0.295532 4 404.758741 0.500000 16.766453
1 770 156.414836 0.295636 4 404.758741 0.500000 16.766348
1 769 156.839474 0.297415 4 404.758741 0.500000 16.764570
1 766 156.115091 0.294381 4 404.758741 0.500000 16.767604
1 763 155.240837 0.290719 4 404.758741 0.500000 16.771266
1 755 157.189176 0.298880 4 404.758741 0.500000 16.763105
1 751 155.090964 0.290091 4 404.758741 0.500000 16.771894
1 728 156.165049 0.294590 4 404.758741 0.500000 16.767395
1 725 155.465645 0.291661 4 404.758741 0.500000 16.770324
1 723 156.764538 0.297101 4 404.758741 0.500000 16.764884
1 722 156.789516 0.297206 4 404.758741 0.500000 16.764779
1 721 156.215006 0.294799 4 404.758741 0.500000 16.767185
1 715 155.590538 0.292184 4 404.758741 0.500000 16.769801
1 712 257.500000 0.000000 5 505.948427 0.500000 17.061985
1 711 156.464793 0.295846 4 404.758741 0.500000 16.766139
1 709 156.939389 0.297834 4 404.758741 0.500000 16.764151
1 708 257.500000 0.000000 5 505.948427 0.500000 17.061985
1 682 155.440666 0.291556 4 404.758741 0.500000 16.770429
1 672 156.239985 0.294904 4 404.758741 0.500000 16.767081
1 659 155.315773 0.291033 4 404.758741 0.500000 16.770952
1 656 156.714580 0.296892 4 404.758741 0.500000 16.765093
1 655 155.765389 0.292916 4 404.758741 0.500000 16.769069
1 654 157.014325 0.298147 4 404.758741 0.500000 16.763837
1 653 155.790368 0.293021 4 404.758741 0.500000 16.768964
1 648 156.639644 0.296578 4 404.758741 0.500000 16.765407
1 647 155.165900 0.290405 4 404.758741 0.500000 16.771580
1 646 156.914410 0.297729 4 404.758741 0.500000 16.764256
1 640 155.365730 0.291242 4 404.758741 0.500000 16.770743
1 639 157.264112 0.299194 4 404.758741 0.500000 16.762791
1 626 155.365730 0.291242 4 404.758741 0.500000 16.770743
1 625 156.339900 0.295323 4 404.758741 0.500000 16.766662
1 619 156.639644 0.296578 4 404.758741 0.500000 16.765407
1 617 155.615517 0.292288 4 404.758741 0.500000 16.769696
1 611 157.339048 0.299508 4 404.758741 0.500000 16.762477
1 608 155.840326 0.293230 4 404.758741 0.500000 16.768755
1 605 155.765389 0.292916 4 404.758741 0.500000 16.769069
1 603 156.239985 0.294904 4 404.758741 0.500000 16.767081
1 601 156.140070 0.294486 4 404.758741 0.500000 16.767499
1 599 155.665475 0.292498 4 404.758741 0.500000 16.769487
1 577 155.665475 0.292498 4 404.758741 0.500000 16.769487
1 568 157.114240 0.298566 4 404.758741 0.500000 16.763419
1 567 155.315773 0.291033 4 404.758741 0.500000 16.770952
1 557 157.389005 0.299717 4 404.758741 0.500000 16.762268
1 553 155.165900 0.290405 4 404.758741 0.500000 16.771580
1 550 156.589687 0.296369 4 404.758741 0.500000 16.765616
1 545 156.714580 0.296892 4 404.758741 0.500000 16.765093
1 525 157.264112 0.299194 4 404.758741 0.500000 16.762791
1 520 155.790368 0.293021 4 404.758741 0.500000 16.768964
1 516 157.039304 0.298252 4 404.758741 0.500000 16.763733
1 498 156.289942 0.295113 4 404.758741 0.500000 16.766872
1 489 156.015176 0.293962 4 404.758741 0.500000 16.768022
1 483 155.765389 0.292916 4 404.758741 0.500000 16.769069
1 478 155.190879 0.290510 4 404.758741 0.500000 16.771475
1 468 156.339900 0.295323 4 404.758741 0.500000 16.766662
1 464 157.014325 0.298147 4 404.758741 0.500000 16.763837
1 455 155.640496 0.292393 4 404.758741 0.500000 16.769592
1 454 155.090964 0.290091 4 404.758741 0.500000 16.771894
1 452 156.314921 0.295218 4 404.758741 0.500000 16.766767
1 446 155.765389 0.292916 4 404.758741 0.500000 16.769069
1 434 257.500000 0.000000 5 505.948427 0.500000 17.061985
1 428 156.489772 0.295950 4 404.758741 0.500000 16.766035
1 423 155.915262 0.293544 4 404.758741 0.500000 16.768441
1 414 156.489772 0.295950 4 404.758741 0.500000 16.766035
1 408 155.240837 0.290719 4 404.758741 0.500000 16.771266
1 396 156.964367 0.297938 4 404.758741 0.500000 16.764047
1 377 156.514751 0.296055 4 404.758741 0.500000 16.765930
1 375 156.040155 0.294067 4 404.758741 0.500000 16.767918
1 366 157.214154 0.298984 4 404.758741 0.500000 16.763000
1 364 155.140922 0.290301 4 404.758741 0.500000 16.771684
1 355 157.089261 0.298461 4 404.758741 0.500000 16.763524
1 353 157.413984 0.299821 4 404.758741 0.500000 16.762163
1 348 156.190027 0.294695 4 404.758741 0.500000 16.767290
1 338 156.414836 0.295636 4 404.758741 0.500000 16.766348
1 336 155.790368 0.293021 4 404.758741 0.500000 16.768964
1 334 155.940240 0.293649 4 404.758741 0.500000 16.768336
1 333 155.490624 0.291765 4 404.758741 0.500000 16.770220
1 331 157.014325 0.298147 4 404.758741 0.500000 16.763837
1 326 155.815347 0.293125 4 404.758741 0.500000 16.768859
1 324 156.639644 0.296578 4 404.758741 0.500000 16.765407
1 316 157.413984 0.299821 4 404.758741 0.500000 16.762163
1 315 156.889431 0.297624 4 404.758741 0.500000 16.764361
1 309 155.290794 0.290928 4 404.758741 0.500000 16.771057
1 296 157.389005 0.299717 4 404.758741 0.500000 16.762268
1 295 155.540581 0.291975 4 404.758741 0.500000 16.770010
1 291 155.115943 0.290196 4 404.758741 0.500000 16.771789
1 282 156.215006 0.294799 4 404.758741 0.500000 16.767185
1 281 156.464793 0.295846 4 404.758741 0.500000 16.766139
1 279 155.315773 0.291033 4 404.758741 0.500000 16.770952
1 275 156.564708 0.296264 4 404.758741 0.500000 16.765721
1 272 155.240837 0.290719 4 404.758741 0.500000 16.771266
1 262 156.439815 0.295741 4 404.758741 0.500000 16.766244
1 260 155.715432 0.292707 4 404.758741 0.500000 16.769278
1 256 156.489772 0.295950 4 404.758741 0.500000 16.766035
1 251 155.965219 0.293753 4 404.758741 0.500000 16.768232
1 240 155.715432 0.292707 4 404.758741 0.500000 16.769278
1 238 156.264964 0.295009 4 404.758741 0.500000 16.766976
1 236 156.339900 0.295323 4 404.758741 0.500000 16.766662
1 231 155.390709 0.291347 4 404.758741 0.500000 16.770638
1 230 155.715432 0.292707 4 404.758741 0.500000 16.769278
1 229 157.314069 0.299403 4 404.758741 0.500000 16.762582
1 228 155.515602 0.291870 4 404.758741 0.500000 16.770115
1 208 156.040155 0.294067 4 404.758741 0.500000 16.767918
1 201 156.564708 0.296264 4 404.758741 0.500000 16.765721
1 195 156.414836 0.295636 4 404.758741 0.500000 16.766348
1 194 157.339048 0.299508 4 404.758741 0.500000 16.762477
1 191 157.364027 0.299612 4 404.758741 0.500000 16.762373
1 187 156.090113 0.294276 4 404.758741 0.500000 16.767709
1 186 157.189176 0.298880 4 404.758741 0.500000 16.763105
1 180 157.214154 0.298984 4 404.758741 0.500000 16.763000
1 175 156.190027 0.294695 4 404.758741 0.500000 16.767290
1 170 155.390709 0.291347 4 404.758741 0.500000 16.770638
1 168 156.165049 0.294590 4 404.758741 0.500000 16.767395
1 160 155.540581 0.291975 4 404.758741 0.500000 16.770010
1 157 155.215858 0.290614 4 404.758741 0.500000 16.771370
1 151 155.340751 0.291138 4 404.758741 0.500000 16.770847
1 149 155.915262 0.293544 4 404.758741 0.500000 16.768441
1 134 155.090964 0.290091 4 404.758741 0.500000 16.771894
1 105 156.764538 0.297101 4 404.758741 0.500000 16.764884
1 99 157.264112 0.299194 4 404.758741 0.500000 16.762791
1 95 156.889431 0.297624 4 404.758741 0.500000 16.764361
1 91 155.965219 0.293753 4 404.758741 0.500000 16.768232
1 85 156.914410 0.297729 4 404.758741 0.500000 16.764256
1 83 157.089261 0.298461 4 404.758741 0.500000 16.763524
1 75 155.415687 0.291451 4 404.758741 0.500000 16.770533
1 55 257.500000 0.000000 5 505.948427 0.500000 17.061985
1 51 155.915262 0.293544 4 404.758741 0.500000 16.768441
1 45 156.314921 0.295218 4 404.758741 0.500000 16.766767
1 41 157.039304 0.298252 4 404.758741 0.500000 16.763733
1 37 257.500000 0.000000 5 505.948427 0.500000 17.061985
1 38 257.500000 0.000000 5 505.948427 0.500000 17.061985
1 39 257.500000 0.000000 5 505.948427 0.500000 17.061985
1 40 257.500000 0.000000 5 505.948427 0.500000 17.061985
1 42 257.500000 0.000000 5 505.948427 0.500000 17.061985
1 43 257.500000 0.000000 5 505.948427 0.500000 17.061985
1 44 257.500000 0.000000 5 505.948427 0.500000 17.061985
1 46 257.500000 0.000000 5 505.948427 0.500000 17.061985
1 47 257.500000 0.000000 5 505.948427 0.500000 17.061985
1 48 257.500000 0.000000 5 505.948427 0.500000 17.061985
1 49 257.500000 0.000000 5 505.948427 0.500000 17.061985
1 50 257.500000 0.000000 5 505.948427 0.500000 17.061985
1 52 257.500000 0.000000 5 505.948427 0.500000 17.061985
1 53 257.500000 0.000000 5 505.948427 0.500000 17.061985
1 54 257.500000 0.000000 5 505.948427 0.500000 17.061985
1 56 257.500000 0.000000 5 505.948427 0.500000 17.061985
1 57 257.500000 0.000000 5 505.948427 0.500000 17.061985
1 59 257.500000 0.000000 5 505.948427 0.500000 17.061985
1 60 257.500000 0.000000 5 505.948427 0.500000 17.061985
1 61 257.500000 0.000000 5 505.948427 0.500000 17.061985
1 62 257.500000 0.000000 5 505.948427 0.500000 17.061985
1 63 257.500000 0.000000 5 505.948427 0.500000 17.061985
1 64 257.500000 0.000000 5 505.948427 0.500000 17.061985
1 65 257.500000 0.000000 5 505.948427 0.500000 17.061985
1 66 257.500000 0.000000 5 505.948427 0.500000 17.061985
1 68 257.500000 0.000000 5 505.948427 0.500000 17.061985
1 69 257.500000 0.000000 5 505.948427 0.500000 17.061985
1 70 257.500000 0.000000 5 505.948427 0.500000 17.061985
1 72 257.500000 0.000000 5 505.948427 0.500000 17.061985
1 76 257.500000 0.000000 5 505.948427 0.500000 17.061985
1 80 257.500000 0.000000 5 505.948427 0.500000 17.061985
1 82 257.500000 0.000000 5 505.948427 0.500000 17.061985
1 84 257.500000 0.000000 5 505.948427 0.500000 17.061985
1 86 257.500000 0.000000 5 505.948427 0.500000 17.061985
1 92 257.500000 0.000000 5 505.948427 0.500000 17.061985
1 93 257.500000 0.000000 5 505.948427 0.500000 17.061985
1 94 257.500000 0.000000 5 505.948427 0.500000 17.061985
1 96 257.500000 0.000000 5 505.948427 0.500000 17.061985
1 98 257.500000 0.000000 5 505.948427 0.500000 17.061985
1 101 257.500000 0.000000 5 505.948427 0.500000 17.061985
1 102 257.500000 0.000000 5 505.948427 0.500000 17.061985
1 103 257.500000 0.000000 5 505.948427 0.500000 17.061985
1 104 257.500000 0.000000 5 505.948427 0.500000 17.061985
1 106 257.500000 0.000000 5 505.948427 0.500000 17.061985
1 107 257.500000 0.000000 5 505.948427 0.500000 17.061985
1 108 257.500000 0.000000 5 505.948427 0.500000 17.061985
1 109 257.500000 0.000000 5 505.948427 0.500000 17.061985
1 113 257.500000 0.000000 5 505.948427 0.500000 17.061985
1 114 257.500000 0.000000 5 505.948427 0.500000 17.061985
1 117 257.500000 0.000000 5 505.948427 0.500000 17.061985
1 118 257.500000 0.000000 5 505.948427 0.500000 17.061985
1 119 257.500000 0.000000 5 505.948427 0.500000 17.061985
1 120 257.500000 0.000000 5 505.948427 0.500000 17.061985
1 121 257.500000 0.000000 5 505.948427 0.500000 17.061985
1 122 257.500000 0.000000 5 505.948427 0.500000 17.061985
1 123 257.500000 0.000000 5 505.948427 0.500000 17.061985
1 124 257.500000 0.000000 5 505.948427 0.500000 17.061985
1 125 257.500000 0.000000 5 505.948427 0.500000 17.061985
1 126 257.500000 0.000000 5 505.948427 0.500000 17.061985
1 129 257.500000 0.000000 5 505.948427 0.500000 17.061985
1 130 257.500000 0.000000 5 505.948427 0.500000 17.061985
1 131 257.500000 0.000000 5 505.948427 0.500000 17.061985
1 132 257.500000 0.000000 5 505.948427 0.500000 17.061985
1 133 257.500000 0.000000 5 505.948427 0.500000 17.061985
1 135 257.500000 0.000000 5 505.948427 0.500000 17.061985
1 136 257.500000 0.000000 5 505.948427 0.500000 17.061985
1 138 257.500000 0.000000 5 505.948427 0.500000 17.061985
1 139 257.500000 0.000000 5 505.948427 0.500000 17.061985
1 140 257.500000 0.000000 5 505.948427 0.500000 17.061985
1 141 257.500000 0.000000 5 505.948427 0.500000 17.061985
1 142 257.500000 0.000000 5 505.948427 0.500000 17.061985
1 143 257.500000 0.000000 5 505.948427 0.500000 17.061985
1 144 257.500000 0.000000 5 505.948427 0.500000 17.061985
1 145 257.500000 0.000000 5 505.948427 0.500000 17.061985
1 147 257.500000 0.000000 5 505.948427 0.500000 17.061985
1 148 257.500000 0.000000 5 505.948427 0.500000 17.061985
1 150 257.500000 0.000000 5 505.948427 0.500000 17.061985
1 152 257.500000 0.000000 5 505.948427 0.500000 17.061985
1 154 257.500000 0.000000 5 505.948427 0.500000 17.061985
1 155 257.500000 0.000000 5 505.948427 0.500000 17.061985
1 156 257.500000 0.000000 5 505.948427 0.500000 17.061985
1 158 257.500000 0.000000 5 505.948427 0.500000 17.061985
1 161 257.500000 0.000000 5 505.948427 0.500000 17.061985
1 163 257.500000 0.000000 5 505.948427 0.500000 17.061985
1 164 257.500000 0.000000 5 505.948427 0.500000 17.061985
1 166 257.500000 0.000000 5 505.948427 0.500000 17.061985
1 167 257.500000 0.000000 5 505.948427 0.500000 17.061985
1 169 257.500000 0.000000 5 505.948427 0.500000 17.061985
1 171 257.500000 0.000000 5 505.948427 0.500000 17.061985
1 174 257.500000 0.000000 5 505.948427 0.500000 17.061985
1 176 257.500000 0.000000 5 505.948427 0.500000 17.061985
1 177 257.500000 0.000000 5 505.948427 0.500000 17.061985
1 178 257.500000 0.000000 5 505.948427 0.500000 17.061985
1 179 257.500000 0.000000 5 505.948427 0.500000 17.061985
1 181 257.500000 0.000000 5 505.948427 0.500000 17.061985
1 182 257.500000 0.000000 5 505.948427 0.500000 17.061985
1 183 257.500000 0.000000 5 505.948427 0.500000 17.061985
1 184 257.500000 0.000000 5 505.948427 0.500000 17.061985
1 185 257.500000 0.000000 5 505.948427 0.500000 17.061985
1 188 257.500000 0.000000 5 505.948427 0.500000 17.061985
1 192 257.500000 0.000000 5 505.948427 0.500000 17.061985
1 193 257.500000 0.000000 5 505.948427 0.500000 17.061985
1 196 257.500000 0.000000 5 505.948427 0.500000 17.061985
1 197 257.500000 0.000000 5 505.948427 0.500000 17.061985
1 198 257.500000 0.000000 5 505.948427 0.500000 17.061985
1 199 257.500000 0.000000 5 505.948427 0.500000 17.061985
1 200 257.500000 0.000000 5 505.948427 0.500000 17.061985
1 202 257.500000 0.000000 5 505.948427 0.500000 17.061985
1 204 257.500000 0.000000 5 505.948427 0.500000 17.061985
1 205 257.500000 0.000000 5 505.948427 0.500000 17.061985
1 206 257.500000 0.000000 5 505.948427 0.500000 17.061985
1 207 257.500000 0.000000 5 505.948427 0.500000 17.061985
1 210 257.500000 0.000000 5 505.948427 0.500000 17.061985
1 211 257.500000 0.000000 5 505.948427 0.500000 17.061985
1 212 257.500000 0.000000 5 505.948427 0.500000 17.061985
1 214 257.500000 0.000000 5 505.948427 0.500000 17.061985
1 215 257.500000 0.000000 5 505.948427 0.500000 17.061985
1 216 257.500000 0.000000 5 505.948427 0.500000 17.061985
1 217 257.500000 0.000000 5 505.948427 0.500000 17.061985
1 218 257.500000 0.000000 5 505.948427 0.500000 17.061985
1 219 257.500000 0.000000 5 505.948427 0.500000 17.061985
1 221 257.500000 0.000000 5 505.948427 0.500000 17.061985
1 222 257.500000 0.000000 5 505.948427 0.500000 17.061985
1 224 257.500000 0.000000 5 505.948427 0.500000 17.061985
1 225 257.500000 0.000000 5 505.948427 0.500000 17.061985
1 226 257.500000 0.000000 5 505.948427 0.500000 17.061985
1 227 257.500000 0.000000 5 505.948427 0.500000 17.061985
1 232 257.500000 0.000000 5 505.948427 0.500000 17.061985
1 233 257.500000 0.000000 5 505.948427 0.500000 17.061985
1 234 257.500000 0.000000 5 505.948427 0.500000 17.061985
1 235 257.500000 0.000000 5 505.948427 0.500000 17.061985
1 237 257.500000 0.000000 5 505.948427 0.500000 17.061985
1 239 257.500000 0.000000 5 505.948427 0.500000 17.061985
1 241 257.500000 0.000000 5 505.948427 0.500000 17.061985
1 242 257.500000 0.000000 5 505.948427 0.500000 17.061985
1 243 257.500000 0.000000 5 505.948427 0.500000 17.061985
1 244 257.500000 0.000000 5 505.948427 0.500000 17.061985
1 245 257.500000 0.000000 5 505.948427 0.500000 17.061985
1 246 257.500000 0.000000 5 505.948427 0.500000 17.061985
1 248 257.500000 0.000000 5 505.948427 0.500000 17.061985
1 249 257.500000 0.000000 5 505.948427 0.500000 17.061985
1 250 257.500000 0.000000 5 505.948427 0.500000 17.061985
1 252 257.500000 0.000000 5 505.948427 0.500000 17.061985
1 253 257.500000 0.000000 5 505.948427 0.500000 17.061985
1 255 257.500000 0.000000 5 505.948427 0.500000 17.061985
1 257 257.500000 0.000000 5 505.948427 0.500000 17.061985
1 258 257.500000 0.000000 5 505.948427 0.500000 17.061985
1 259 257.500000 0.000000 5 505.948427 0.500000 17.061985
1 261 257.500000 0.000000 5 505.948427 0.500000 17.061985
1 265 257.500000 0.000000 5 505.948427 0.500000 17.061985
1 266 257.500000 0.000000 5 505.948427 0.500000 17.061985
1 268 257.500000 0.000000 5 505.948427 0.500000 17.061985
1 270 257.500000 0.000000 5 505.948427 0.500000 17.061985
1 271 257.500000 0.000000 5 505.948427 0.500000 17.061985
1 273 257.500000 0.000000 5 505.948427 0.500000 17.061985
1 277 257.500000 0.000000 5 505.948427 0.500000 17.061985
1 278 257.500000 0.000000 5 505.948427 0.500000 17.061985
1 280 257.500000 0.000000 5 505.948427 0.500000 17.061985
1 283 257.500000 0.000000 5 505.948427 0.500000 17.061985
1 286 257.500000 0.000000 5 505.948427 0.500000 17.061985
1 288 257.500000 0.000000 5 505.948427 0.500000 17.061985
1 289 257.500000 0.000000 5 505.948427 0.500000 17.061985
1 290 257.500000 0.000000 5 505.948427 0.500000 17.061985
1 292 257.500000 0.000000 5 505.948427 0.500000 17.061985
1 293 257.500000 0.000000 5 505.948427 0.500000 17.061985
1 297 257.500000 0.000000 5 505.948427 0.500000 17.061985
1 299 257.500000 0.000000 5 505.948427 0.500000 17.061985
1 301 257.500000 0.000000 5 505.948427 0.500000 17.061985
1 302 257.500000 0.000000 5 505.948427 0.500000 17.061985
1 303 257.500000 0.000000 5 505.948427 0.500000 17.061985
1 304 257.500000 0.000000 5 505.948427 0.500000 17.061985
1 305 257.500000 0.000000 5 505.948427 0.500000 17.061985
1 306 257.500000 0.000000 5 505.948427 0.500000 17.061985
1 308 257.500000 0.000000 5 505.948427 0.500000 17.061985
1 310 257.500000 0.000000 5 505.948427 0.500000 17.061985
1 311 257.500000 0.000000 5 505.948427 0.500000 17.061985
1 313 257.500000 0.000000 5 505.948427 0.500000 17.061985
1 314 257.500000 0.000000 5 505.948427 0.500000 17.061985
1 317 257.500000 0.000000 5 505.948427 0.500000 17.061985
1 318 257.500000 0.000000 5 505.948427 0.500000 17.061985
1 319 257.500000 0.000000 5 505.948427 0.500000 17.061985
1 321 257.500000 0.000000 5 505.948427 0.500000 17.061985
1 322 257.500000 0.000000 5 505.948427 0.500000 17.061985
1 323 257.500000 0.000000 5 505.948427 0.500000 17.061985
1 325 257.500000 0.000000 5 505.948427 0.500000 17.061985
1 327 257.500000 0.000000 5 505.948427 0.500000 17.061985
1 328 257.500000 0.000000 5 505.948427 0.500000 17.061985
1 329 257.500000 0.000000 5 505.948427 0.500000 17.061985
1 330 257.500000 0.000000 5 505.948427 0.500000 17.061985
1 332 257.500000 0.000000 5 505.948427 0.500000 17.061985
1 335 257.500000 0.000000 5 505.948427 0.500000 17.061985
1 337 257.500000 0.000000 5 505.948427 0.500000 17.061985
1 339 257.500000 0.000000 5 505.948427 0.500000 17.061985
1 340 257.500000 0.000000 5 505.948427 0.500000 17.061985
1 341 257.500000 0.000000 5 505.948427 0.500000 17.061985
1 342 257.500000 0.000000 5 505.948427 0.500000 17.061985
1 343 257.500000 0.000000 5 505.948427 0.500000 17.061985
1 344 257.500000 0.000000 5 505.948427 0.500000 17.061985
1 345 257.500000 0.000000 5 505.948427 0.500000 17.061985
1 346 257.500000 0.000000 5 505.948427 0.500000 17.061985
1 349 257.500000 0.000000 5 505.948427 0.500000 17.061985
1 350 257.500000 0.000000 5 505.948427 0.500000 17.061985
1 356 257.500000 0.000000 5 505.948427 0.500000 17.061985
1 357 257.500000 0.000000 5 505.948427 0.500000 17.061985
1 358 257.500000 0.000000 5 505.948427 0.500000 17.061985
1 361 257.500000 0.000000 5 505.948427 0.500000 17.061985
1 363 257.500000 0.000000 5 505.948427 0.500000 17.061985
1 365 257.500000 0.000000 5 505.948427 0.500000 17.061985
1 367 257.500000 0.000000 5 505.948427 0.500000 17.061985
1 368 257.500000 0.000000 5 505.948427 0.500000 17.061985
1 369 257.500000 0.000000 5 505.948427 0.500000 17.061985
1 370 257.500000 0.000000 5 505.948427 0.500000 17.061985
1 372 257.500000 0.000000 5 505.948427 0.500000 17.061985
1 373 257.500000 0.000000 5 505.948427 0.500000 17.061985
1 374 257.500000 0.000000 5 505.948427 0.500000 17.061985
1 376 257.500000 0.000000 5 505.948427 0.500000 17.061985
1 379 257.500000 0.000000 5 505.948427 0.500000 17.061985
1 380 257.500000 0.000000 5 505.948427 0.500000 17.061985
1 382 257.500000 0.000000 5 505.948427 0.500000 17.061985
1 383 257.500000 0.000000 5 505.948427 0.500000 17.061985
1 384 257.500000 0.000000 5 505.948427 0.500000 17.061985
1 385 257.500000 0.000000 5 505.948427 0.500000 17.061985
1 386 257.500000 0.000000 5 505.948427 0.500000 17.061985
1 387 257.500000 0.000000 5 505.948427 0.500000 17.061985
1 388 257.500000 0.000000 5 505.948427 0.500000 17.061985
1 389 257.500000 0.000000 5 505.948427 0.500000 17.061985
1 391 257.500000 0.000000 5 505.948427 0.500000 17.061985
1 392 257.500000 0.000000 5 505.948427 0.500000 17.061985
1 393 257.500000 0.000000 5 505.948427 0.500000 17.061985
1 394 257.500000 0.000000 5 505.948427 0.500000 17.061985
1 395 257.500000 0.000000 5 505.948427 0.500000 17.061985
1 397 257.500000 0.000000 5 505.948427 0.500000 17.061985
1 398 257.500000 0.000000 5 505.948427 0.500000 17.061985
1 399 257.500000 0.000000 5 505.948427 0.500000 17.061985
1 401 257.500000 0.000000 5 505.948427 0.500000 17.061985
1 402 257.500000 0.000000 5 505.948427 0.500000 17.061985
1 403 257.500000 0.000000 5 505.948427 0.500000 17.061985
1 404 257.500000 0.000000 5 505.948427 0.500000 17.061985
1 405 257.500000 0.000000 5 505.948427 0.500000 17.061985
1 406 257.500000 0.000000 5 505.948427 0.500000 17.061985
1 407 257.500000 0.000000 5 505.948427 0.500000 17.061985
1 411 257.500000 0.000000 5 505.948427 0.500000 17.061985
1 412 257.500000 0.000000 5 505.948427 0.500000 17.061985
1 413 257.500000 0.000000 5 505.948427 0.500000 17.061985
1 415 257.500000 0.000000 5 505.948427 0.500000 17.061985
1 417 257.500000 0.000000 5 505.948427 0.500000 17.061985
1 418 257.500000 0.000000 5 505.948427 0.500000 17.061985
1 419 257.500000 0.000000 5 505.948427 0.500000 17.061985
1 421 257.500000 0.000000 5 505.948427 0.500000 17.061985
1 422 257.500000 0.000000 5 505.948427 0.500000 17.061985
1 424 257.500000 0.000000 5 505.948427 0.500000 17.061985
1 425 257.500000 0.000000 5 505.948427 0.500000 17.061985
1 426 257.500000 0.000000 5 505.948427 0.500000 17.061985
1 427 257.500000 0.000000 5 505.948427 0.500000 17.061985
1 429 257.500000 0.000000 5 505.948427 0.500000 17.061985
1 430 257.500000 0.000000 5 505.948427 0.500000 17.061985
1 431 257.500000 0.000000 5 505.948427 0.500000 17.061985
1 435 257.500000 0.000000 5 505.948427 0.500000 17.061985
1 436 257.500000 0.000000 5 505.948427 0.500000 17.061985
1 437 257.500000 0.000000 5 505.948427 0.500000 17.061985
1 439 257.500000 0.000000 5 505.948427 0.500000 17.061985
1 440 257.500000 0.000000 5 505.948427 0.500000 17.061985
1 442 257.500000 0.000000 5 505.948427 0.500000 17.061985
1 443 257.500000 0.000000 5 505.948427 0.500000 17.061985
1 444 257.500000 0.000000 5 505.948427 0.500000 17.061985
1 445 257.500000 0.000000 5 505.948427 0.500000 17.061985
1 447 257.500000 0.000000 5 505.948427 0.500000 17.061985
1 448 257.500000 0.000000 5 505.948427 0.500000 17.061985
1 449 257.500000 0.000000 5 505.948427 0.500000 17.061985
1 450 257.500000 0.000000 5 505.948427 0.500000 17.061985
1 451 257.500000 0.000000 5 505.948427 0.500000 17.061985
1 453 257.500000 0.000000 5 505.948427 0.500000 17.061985
1 457 257.500000 0.000000 5 505.948427 0.500000 17.061985
1 458 257.500000 0.000000 5 505.948427 0.500000 17.061985
1 461 257.500000 0.000000 5 505.948427 0.500000 17.061985
1 462 257.500000 0.000000 5 505.948427 0.500000 17.061985
1 463 257.500000 0.000000 5 505.948427 0.500000 17.061985
1 465 257.500000 0.000000 5 505.948427 0.500000 17.061985
1 466 257.500000 0.000000 5 505.948427 0.500000 17.061985
1 467 257.500000 0.000000 5 505.948427 0.500000 17.061985
1 470 257.500000 0.000000 5 505.948427 0.500000 17.061985
1 471 257.500000 0.000000 5 505.948427 0.500000 17.061985
1 472 257.500000 0.000000 5 505.948427 0.500000 17.061985
1 473 257.500000 0.000000 5 505.948427 0.500000 17.061985
1 476 257.500000 0.000000 5 505.948427 0.500000 17.061985
1 477 257.500000 0.000000 5 505.948427 0.500000 17.061985
1 479 257.500000 0.000000 5 505.948427 0.500000 17.061985
1 480 257.500000 0.000000 5 505.948427 0.500000 17.061985
1 481 257.500000 0.000000 5 505.948427 0.500000 17.061985
1 484 257.500000 0.000000 5 505.948427 0.500000 17.061985
1 487 257.500000 0.000000 5 505.948427 0.500000 17.061985
1 488 257.500000 0.000000 5 505.948427 0.500000 17.061985
1 490 257.500000 0.000000 5 505.948427 0.500000 17.061985
1 491 257.500000 0.000000 5 505.948427 0.500000 17.061985
1 492 257.500000 0.000000 5 505.948427 0.500000 17.061985
1 493 257.500000 0.000000 5 505.948427 0.500000 17.061985
1 495 257.500000 0.000000 5 505.948427 0.500000 17.061985
1 496 257.500000 0.000000 5 505.948427 0.500000 17.061985
1 499 257.500000 0.000000 5 505.948427 0.500000 17.061985
1 500 257.500000 0.000000 5 505.948427 0.500000 17.061985
1 501 257.500000 0.000000 5 505.948427 0.500000 17.061985
1 503 257.500000 0.000000 5 505.948427 0.500000 17.061985
1 505 257.500000 0.000000 5 505.948427 0.500000 17.061985
1 506 257.500000 0.000000 5 505.948427 0.500000 17.061985
1 507 257.500000 0.000000 5 505.948427 0.500000 17.061985
1 508 257.500000 0.000000 5 505.948427 0.500000 17.061985
1 509 257.500000 0.000000 5 505.948427 0.500000 17.061985
1 512 257.500000 0.000000 5 505.948427 0.500000 17.061985
1 515 257.500000 0.000000 5 505.948427 0.500000 17.061985
1 518 257.500000 0.000000 5 505.948427 0.500000 17.061985
1 519 257.500000 0.000000 5 505.948427 0.500000 17.061985
1 521 257.500000 0.000000 5 505.948427 0.500000 17.061985
1 522 257.500000 0.000000 5 505.948427 0.500000 17.061985
1 523 257.500000 0.000000 5 505.948427 0.500000 17.061985
1 524 257.500000 0.000000 5 505.948427 0.500000 17.061985
1 527 257.500000 0.000000 5 505.948427 0.500000 17.061985
1 528 257.500000 0.000000 5 505.948427 0.500000 17.061985
1 529 257.500000 0.000000 5 505.948427 0.500000 17.061985
1 530 257.500000 0.000000 5 505.948427 0.500000 17.061985
1 531 257.500000 0.000000 5 505.948427 0.500000 17.061985
1 533 257.500000 0.000000 5 505.948427 0.500000 17.061985
1 534 257.500000 0.000000 5 505.948427 0.500000 17.061985
1 535 257.500000 0.000000 5 505.948427 0.500000 17.061985
1 537 257.500000 0.000000 5 505.948427 0.500000 17.061985
1 539 257.500000 0.000000 5 505.948427 0.500000 17.061985
1 540 257.500000 0.000000 5 505.948427 0.500000 17.061985
1 541 257.500000 0.000000 5 505.948427 0.500000 17.061985
1 542 257.500000 0.000000 5 505.948427 0.500000 17.061985
1 543 257.500000 0.000000 5 505.948427 0.500000 17.061985
1 546 257.500000 0.000000 5 505.948427 0.500000 17.061985
1 547 257.500000 0.000000 5 505.948427 0.500000 17.061985
1 548 257.500000 0.000000 5 505.948427 0.500000 17.061985
1 549 257.500000 0.000000 5 505.948427 0.500000 17.061985
1 551 257.500000 0.000000 5 505.948427 0.500000 17.061985
1 552 257.500000 0.000000 5 505.948427 0.500000 17.061985
1 555 257.500000 0.000000 5 505.948427 0.500000 17.061985
1 556 257.500000 0.000000 5 505.948427 0.500000 17.061985
1 558 257.500000 0.000000 5 505.948427 0.500000 17.061985
1 559 257.500000 0.000000 5 505.948427 0.500000 17.061985
1 560 257.500000 0.000000 5 505.948427 0.500000 17.061985
1 561 257.500000 0.000000 5 505.948427 0.500000 17.061985
1 562 257.500000 0.000000 5 505.948427 0.500000 17.061985
1 563 257.500000 0.000000 5 505.948427 0.500000 17.061985
1 564 257.500000 0.000000 5 505.948427 0.500000 17.061985
1 565 257.500000 0.000000 5 505.948427 0.500000 17.061985
1 569 257.500000 0.000000 5 505.948427 0.500000 17.061985
1 571 257.500000 0.000000 5 505.948427 0.500000 17.061985
1 572 257.500000 0.000000 5 505.948427 0.500000 17.061985
1 573 257.500000 0.000000 5 505.948427 0.500000 17.061985
1 574 257.500000 0.000000 5 505.948427 0.500000 17.061985
1 575 257.500000 0.000000 5 505.948427 0.500000 17.061985
1 576 257.500000 0.000000 5 505.948427 0.500000 17.061985
1 578 257.500000 0.000000 5 505.948427 0.500000 17.061985
1 579 257.500000 0.000000 5 505.948427 0.500000 17.061985
1 580 257.500000 0.000000 5 505.948427 0.500000 17.061985
1 581 257.500000 0.000000 5 505.948427 0.500000 17.061985
1 583 257.500000 0.000000 5 505.948427 0.500000 17.061985
1 584 257.500000 0.000000 5 505.948427 0.500000 17.061985
1 585 257.500000 0.000000 5 505.948427 0.500000 17.061985
1 587 257.500000 0.000000 5 505.948427 0.500000 17.061985
1 589 257.500000 0.000000 5 505.948427 0.500000 17.061985
1 590 257.500000 0.000000 5 505.948427 0.500000 17.061985
1 591 257.500000 0.000000 5 505.948427 0.500000 17.061985
1 592 257.500000 0.000000 5 505.948427 0.500000 17.061985
1 593 257.500000 0.000000 5 505.948427 0.500000 17.061985
1 594 257.500000 0.000000 5 505.948427 0.500000 17.061985
1 595 257.500000 0.000000 5 505.948427 0.500000 17.061985
1 596 257.500000 0.000000 5 505.948427 0.500000 17.061985
1 597 257.500000 0.000000 5 505.948427 0.500000 17.061985
1 598 257.500000 0.000000 5 505.948427 0.500000 17.061985
1 600 257.500000 0.000000 5 505.948427 0.500000 17.061985
1 602 257.500000 0.000000 5 505.948427 0.500000 17.061985
1 604 257.500000 0.000000 5 505.948427 0.500000 17.061985
1 606 257.500000 0.000000 5 505.948427 0.500000 17.061985
1 607 257.500000 0.000000 5 505.948427 0.500000 17.061985
1 609 257.500000 0.000000 5 505.948427 0.500000 17.061985
1 610 257.500000 0.000000 5 505.948427 0.500000 17.061985
1 612 257.500000 0.000000 5 505.948427 0.500000 17.061985
1 614 257.500000 0.000000 5 505.948427 0.500000 17.061985
1 615 257.500000 0.000000 5 505.948427 0.500000 17.061985
1 616 257.500000 0.000000 5 505.948427 0.500000 17.061985
1 618 257.500000 0.000000 5 505.948427 0.500000 17.061985
1 620 257.500000 0.000000 5 505.948427 0.500000 17.061985
1 621 257.500000 0.000000 5 505.948427 0.500000 17.061985
1 622 257.500000 0.000000 5 505.948427 0.500000 17.061985
1 623 257.500000 0.000000 5 505.948427 0.500000 17.061985
1 624 257.500000 0.000000 5 505.948427 0.500000 17.061985
1 627 257.500000 0.000000 5 505.948427 0.500000 17.061985
1 628 257.500000 0.000000 5 505.948427 0.500000 17.061985
1 630 257.500000 0.000000 5 505.948427 0.500000 17.061985
1 631 257.500000 0.000000 5 505.948427 0.500000 17.061985
1 632 257.500000 0.000000 5 505.948427 0.500000 17.061985
1 633 257.500000 0.000000 5 505.948427 0.500000 17.061985
1 634 257.500000 0.000000 5 505.948427 0.500000 17.061985
1 635 257.500000 0.000000 5 505.948427 0.500000 17.061985
1 636 257.500000 0.000000 5 505.948427 0.500000 17.061985
1 641 257.500000 0.000000 5 505.948427 0.500000 17.061985
1 642 257.500000 0.000000 5 505.948427 0.500000 17.061985
1 645 257.500000 0.000000 5 505.948427 0.500000 17.061985
1 649 257.500000 0.000000 5 505.948427 0.500000 17.061985
1 650 257.500000 0.000000 5 505.948427 0.500000 17.061985
1 657 257.500000 0.000000 5 505.948427 0.500000 17.061985
1 660 257.500000 0.000000 5 505.948427 0.500000 17.061985
1 662 257.500000 0.000000 5 505.948427 0.500000 17.061985
1 663 257.500000 0.000000 5 505.948427 0.500000 17.061985
1 664 257.500000 0.000000 5 505.948427 0.500000 17.061985
1 665 257.500000 0.000000 5 505.948427 0.500000 17.061985
1 666 257.500000 0.000000 5 505.948427 0.500000 17.061985
1 667 257.500000 0.000000 5 505.948427 0.500000 17.061985
1 669 257.500000 0.000000 5 505.948427 0.500000 17.061985
1 670 257.500000 0.000000 5 505.948427 0.500000 17.061985
1 671 257.500000 0.000000 5 505.948427 0.500000 17.061985
1 673 257.500000 0.000000 5 505.948427 0.500000 17.061985
1 674 257.500000 0.000000 5 505.948427 0.500000 17.061985
1 675 257.500000 0.000000 5 505.948427 0.500000 17.061985
1 676 257.500000 0.000000 5 505.948427 0.500000 17.061985
1 678 257.500000 0.000000 5 505.948427 0.500000 17.061985
1 679 257.500000 0.000000 5 505.948427 0.500000 17.061985
1 680 257.500000 0.000000 5 505.948427 0.500000 17.061985
1 681 257.500000 0.000000 5 505.948427 0.500000 17.061985
1 683 257.500000 0.000000 5 505.948427 0.500000 17.061985
1 684 257.500000 0.000000 5 505.948427 0.500000 17.061985
1 685 257.500000 0.000000 5 505.948427 0.500000 17.061985
1 686 257.500000 0.000000 5 505.948427 0.500000 17.061985
1 687 257.500000 0.000000 5 505.948427 0.500000 17.061985
1 690 257.500000 0.000000 5 505.948427 0.500000 17.061985
1 691 257.500000 0.000000 5 505.948427 0.500000 17.061985
1 692 257.500000 0.000000 5 505.948427 0.500000 17.061985
1 694 257.500000 0.000000 5 505.948427 0.500000 17.061985
1 695 257.500000 0.000000 5 505.948427 0.500000 17.061985
1 696 257.500000 0.000000 5 505.948427 0.500000 17.061985
1 698 257.500000 0.000000 5 505.948427 0.500000 17.061985
1 699 257.500000 0.000000 5 505.948427 0.500000 17.061985
1 701 257.500000 0.000000 5 505.948427 0.500000 17.061985
1 702 257.500000 0.000000 5 505.948427 0.500000 17.061985
1 703 257.500000 0.000000 5 505.948427 0.500000 17.061985
1 704 257.500000 0.000000 5 505.948427 0.500000 17.061985
1 705 257.500000 0.000000 5 505.948427 0.500000 17.061985
1 706 257.500000 0.000000 5 505.948427 0.500000 17.061985
1 707 257.500000 0.000000 5 505.948427 0.500000 17.061985
1 710 257.500000 0.000000 5 505.948427 0.500000 17.061985
1 713 257.500000 0.000000 5 505.948427 0.500000 17.061985
1 714 257.500000 0.000000 5 505.948427 0.500000 17.061985
1 716 257.500000 0.000000 5 505.948427 0.500000 17.061985
1 717 257.500000 0.000000 5 505.948427 0.500000 17.061985
1 718 257.500000 0.000000 5 505.948427 0.500000 17.061985
1 719 257.500000 0.000000 5 505.948427 0.500000 17.061985
1 724 257.500000 0.000000 5 505.948427 0.500000 17.061985
1 726 257.500000 0.000000 5 505.948427 0.500000 17.061985
1 727 257.500000 0.000000 5 505.948427 0.500000 17.061985
1 729 257.500000 0.000000 5 505.948427 0.500000 17.061985
1 730 257.500000 0.000000 5 505.948427 0.500000 17.061985
1 731 257.500000 0.000000 5 505.948427 0.500000 17.061985
1 732 257.500000 0.000000 5 505.948427 0.500000 17.061985
1 733 257.500000 0.000000 5 505.948427 0.500000 17.061985
1 734 257.500000 0.000000 5 505.948427 0.500000 17.061985
1 736 257.500000 0.000000 5 505.948427 0.500000 17.061985
1 737 257.500000 0.000000 5 505.948427 0.500000 17.061985
1 738 257.500000 0.000000 5 505.948427 0.500000 17.061985
1 739 257.500000 0.000000 5 505.948427 0.500000 17.061985
1 740 257.500000 0.000000 5 505.948427 0.500000 17.061985
1 745 257.500000 0.000000 5 505.948427 0.500000 17.061985
1 747 257.500000 0.000000 5 505.948427 0.500000 17.061985
1 748 257.500000 0.000000 5 505.948427 0.500000 17.061985
1 749 257.500000 0.000000 5 505.948427 0.500000 17.061985
1 750 257.500000 0.000000 5 505.948427 0.500000 17.061985
1 752 257.500000 0.000000 5 505.948427 0.500000 17.061985
1 754 257.500000 0.000000 5 505.948427 0.500000 17.061985
1 757 257.500000 0.000000 5 505.948427 0.500000 17.061985
1 758 257.500000 0.000000 5 505.948427 0.500000 17.061985
1 759 257.500000 0.000000 5 505.948427 0.500000 17.061985
1 761 257.500000 0.000000 5 505.948427 0.500000 17.061985
1 764 257.500000 0.000000 5 505.948427 0.500000 17.061985
1 765 257.500000 0.000000 5 505.948427 0.500000 17.061985
1 771 257.500000 0.000000 5 505.948427 0.500000 17.061985
1 772 257.500000 0.000000 5 505.948427 0.500000 17.061985
1 774 257.500000 0.000000 5 505.948427 0.500000 17.061985
1 775 257.500000 0.000000 5 505.948427 0.500000 17.061985
1 776 257.500000 0.000000 5 505.948427 0.500000 17.061985
1 777 257.500000 0.000000 5 505.948427 0.500000 17.061985
1 779 257.500000 0.000000 5 505.948427 0.500000 17.061985
1 780 257.500000 0.000000 5 505.948427 0.500000 17.061985
1 781 257.500000 0.000000 5 505.948427 0.500000 17.061985
1 782 257.500000 0.000000 5 505.948427 0.500000 17.061985
1 785 257.500000 0.000000 5 505.948427 0.500000 17.061985
1 787 257.500000 0.000000 5 505.948427 0.500000 17.061985
1 788 257.500000 0.000000 5 505.948427 0.500000 17.061985
1 789 257.500000 0.000000 5 505.948427 0.500000 17.061985
1 790 257.500000 0.000000 5 505.948427 0.500000 17.061985
1 791 257.500000 0.000000 5 505.948427 0.500000 17.061985
1 793 257.500000 0.000000 5 505.948427 0.500000 17.061985
1 796 257.500000 0.000000 5 505.948427 0.500000 17.061985
1 797 257.500000 0.000000 5 505.948427 0.500000 17.061985
1 798 257.500000 0.000000 5 505.948427 0.500000 17.061985
1 800 257.500000 0.000000 5 505.948427 0.500000 17.061985
1 802 257.500000 0.000000 5 505.948427 0.500000 17.061985
1 805 257.500000 0.000000 5 505.948427 0.500000 17.061985
1 806 257.500000 0.000000 5 505.948427 0.500000 17.061985
1 807 257.500000 0.000000 5 505.948427 0.500000 17.061985
1 808 257.500000 0.000000 5 505.948427 0.500000 17.061985
1 809 257.500000 0.000000 5 505.948427 0.500000 17.061985
1 812 257.500000 0.000000 5 505.948427 0.500000 17.061985
1 813 257.500000 0.000000 5 505.948427 0.500000 17.061985
1 815 257.500000 0.000000 5 505.948427 0.500000 17.061985
1 816 257.500000 0.000000 5 505.948427 0.500000 17.061985
1 818 257.500000 0.000000 5 505.948427 0.500000 17.061985
1 821 257.500000 0.000000 5 505.948427 0.500000 17.061985
1 822 257.500000 0.000000 5 505.948427 0.500000 17.061985
1 823 257.500000 0.000000 5 505.948427 0.500000 17.061985
1 824 257.500000 0.000000 5 505.948427 0.500000 17.061985
1 826 257.500000 0.000000 5 505.948427 0.500000 17.061985
1 827 257.500000 0.000000 5 505.948427 0.500000 17.061985
1 828 257.500000 0.000000 5 505.948427 0.500000 17.061985
1 830 257.500000 0.000000 5 505.948427 0.500000 17.061985
1 831 257.500000 0.000000 5 505.948427 0.500000 17.061985
1 832 257.500000 0.000000 5 505.948427 0.500000 17.061985
1 833 257.500000 0.000000 5 505.948427 0.500000 17.061985
1 834 257.500000 0.000000 5 505.948427 0.500000 17.061985
1 836 257.500000 0.000000 5 505.948427 0.500000 17.061985
1 837 257.500000 0.000000 5 505.948427 0.500000 17.061985
1 840 257.500000 0.000000 5 505.948427 0.500000 17.061985
1 842 257.500000 0.000000 5 505.948427 0.500000 17.061985
1 844 257.500000 0.000000 5 505.948427 0.500000 17.061985
1 845 257.500000 0.000000 5 505.948427 0.500000 17.061985
1 846 257.500000 0.000000 5 505.948427 0.500000 17.061985
1 847 257.500000 0.000000 5 505.948427 0.500000 17.061985
1 849 257.500000 0.000000 5 505.948427 0.500000 17.061985
1 850 257.500000 0.000000 5 505.948427 0.500000 17.061985
1 853 257.500000 0.000000 5 505.948427 0.500000 17.061985
1 854 257.500000 0.000000 5 505.948427 0.500000 17.061985
1 855 257.500000 0.000000 5 505.948427 0.500000 17.061985
1 856 257.500000 0.000000 5 505.948427 0.500000 17.061985
1 858 257.500000 0.000000 5 505.948427 0.500000 17.061985
1 859 257.500000 0.000000 5 505.948427 0.500000 17.061985
1 862 257.500000 0.000000 5 505.948427 0.500000 17.061985
1 863 257.500000 0.000000 5 505.948427 0.500000 17.061985
1 864 257.500000 0.000000 5 505.948427 0.500000 17.061985
1 865 257.500000 0.000000 5 505.948427 0.500000 17.061985
1 866 257.500000 0.000000 5 505.948427 0.500000 17.061985
1 867 257.500000 0.000000 5 505.948427 0.500000 17.061985
1 869 257.500000 0.000000 5 505.948427 0.500000 17.061985
1 870 257.500000 0.000000 5 505.948427 0.500000 17.061985
1 872 257.500000 0.000000 5 505.948427 0.500000 17.061985
1 875 257.500000 0.000000 5 505.948427 0.500000 17.061985
1 876 257.500000 0.000000 5 505.948427 0.500000 17.061985
1 877 257.500000 0.000000 5 505.948427 0.500000 17.061985
1 881 257.500000 0.000000 5 505.948427 0.500000 17.061985
1 883 257.500000 0.000000 5 505.948427 0.500000 17.061985
1 884 257.500000 0.000000 5 505.948427 0.500000 17.061985
1 886 257.500000 0.000000 5 505.948427 0.500000 17.061985
1 887 257.500000 0.000000 5 505.948427 0.500000 17.061985
1 888 257.500000 0.000000 5 505.948427 0.500000 17.061985
1 889 257.500000 0.000000 5 505.948427 0.500000 17.061985
1 890 257.500000 0.000000 5 505.948427 0.500000 17.061985
1 893 257.500000 0.000000 5 505.948427 0.500000 17.061985
1 894 257.500000 0.000000 5 505.948427 0.500000 17.061985
1 895 257.500000 0.000000 5 505.948427 0.500000 17.061985
1 896 257.500000 0.000000 5 505.948427 0.500000 17.061985
1 897 257.500000 0.000000 5 505.948427 0.500000 17.061985
1 898 257.500000 0.000000 5 505.948427 0.500000 17.061985
1 900 257.500000 0.000000 5 505.948427 0.500000 17.061985
1 901 257.500000 0.000000 5 505.948427 0.500000 17.061985
1 902 257.500000 0.000000 5 505.948427 0.500000 17.061985
1 904 257.500000 0.000000 5 505.948427 0.500000 17.061985
1 906 257.500000 0.000000 5 505.948427 0.500000 17.061985
1 908 257.500000 0.000000 5 505.948427 0.500000 17.061985
1 913 257.500000 0.000000 5 505.948427 0.500000 17.061985
1 914 257.500000 0.000000 5 505.948427 0.500000 17.061985
1 917 257.500000 0.000000 5 505.948427 0.500000 17.061985
1 918 257.500000 0.000000 5 505.948427 0.500000 17.061985
1 919 257.500000 0.000000 5 505.948427 0.500000 17.061985
1 920 257.500000 0.000000 5 505.948427 0.500000 17.061985
1 921 257.500000 0.000000 5 505.948427 0.500000 17.061985
1 922 257.500000 0.000000 5 505.948427 0.500000 17.061985
1 923 257.500000 0.000000 5 505.948427 0.500000 17.061985
1 925 257.500000 0.000000 5 505.948427 0.500000 17.061985
1 926 257.500000 0.000000 5 505.948427 0.500000 17.061985
1 930 257.500000 0.000000 5 505.948427 0.500000 17.061985
1 932 257.500000 0.000000 5 505.948427 0.500000 17.061985
1 934 257.500000 0.000000 5 505.948427 0.500000 17.061985
1 935 257.500000 0.000000 5 505.948427 0.500000 17.061985
1 936 257.500000 0.000000 5 505.948427 0.500000 17.061985
1 938 257.500000 0.000000 5 505.948427 0.500000 17.061985
1 939 257.500000 0.000000 5 505.948427 0.500000 17.061985
1 940 257.500000 0.000000 5 505.948427 0.500000 17.061985
1 941 257.500000 0.000000 5 505.948427 0.500000 17.061985
1 942 257.500000 0.000000 5 505.948427 0.500000 17.061985
1 943 257.500000 0.000000 5 505.948427 0.500000 17.061985
1 946 257.500000 0.000000 5 505.948427 0.500000 17.061985
1 947 257.500000 0.000000 5 505.948427 0.500000 17.061985
1 950 257.500000 0.000000 5 505.948427 0.500000 17.061985
1 951 257.500000 0.000000 5 505.948427 0.500000 17.061985
1 953 257.500000 0.000000 5 505.948427 0.500000 17.061985
1 954 257.500000 0.000000 5 505.948427 0.500000 17.061985
1 955 257.500000 0.000000 5 505.948427 0.500000 17.061985
1 956 257.500000 0.000000 5 505.948427 0.500000 17.061985
1 957 257.500000 0.000000 5 505.948427 0.500000 17.061985
1 958 257.500000 0.000000 5 505.948427 0.500000 17.061985
1 959 257.500000 0.000000 5 505.948427 0.500000 17.061985
1 960 257.500000 0.000000 5 505.948427 0.500000 17.061985
1 962 257.500000 0.000000 5 505.948427 0.500000 17.061985
1 964 257.500000 0.000000 5 505.948427 0.500000 17.061985
1 965 257.500000 0.000000 5 505.948427 0.500000 17.061985
1 966 257.500000 0.000000 5 505.948427 0.500000 17.061985
1 969 257.500000 0.000000 5 505.948427 0.500000 17.061985
1 970 257.500000 0.000000 5 505.948427 0.500000 17.061985
1 973 257.500000 0.000000 5 505.948427 0.500000 17.061985
1 976 257.500000 0.000000 5 505.948427 0.500000 17.061985
1 977 257.500000 0.000000 5 505.948427 0.500000 17.061985
1 980 257.500000 0.000000 5 505.948427 0.500000 17.061985
1 982 257.500000 0.000000 5 505.948427 0.500000 17.061985
1 984 257.500000 0.000000 5 505.948427 0.500000 17.061985
1 985 257.500000 0.000000 5 505.948427 0.500000 17.061985
1 986 257.500000 0.000000 5 505.948427 0.500000 17.061985
1 988 257.500000 0.000000 5 505.948427 0.500000 17.061985
1 989 257.500000 0.000000 5 505.948427 0.500000 17.061985
1 992 257.500000 0.000000 5 505.948427 0.500000 17.061985
1 993 257.500000 0.000000 5 505.948427 0.500000 17.061985
1 996 257.500000 0.000000 5 505.948427 0.500000 17.061985
1 997 257.500000 0.000000 5 505.948427 0.500000 17.061985
1 998 257.500000 0.000000 5 505.948427 0.500000 17.061985
1 999 257.500000 0.000000 5 505.948427 0.500000 17.061985
1 1000 257.500000 0.000000 5 505.948427 0.500000 17.061985
1 1001 257.500000 0.000000 5 505.948427 0.500000 17.061985
1 1005 257.500000 0.000000 5 505.948427 0.500000 17.061985
1 1006 257.500000 0.000000 5 505.948427 0.500000 17.061985
1 1007 257.500000 0.000000 5 505.948427 0.500000 17.061985
1 1008 257.500000 0.000000 5 505.948427 0.500000 17.061985
1 1009 257.500000 0.000000 5 505.948427 0.500000 17.061985
1 1010 257.500000 0.000000 5 505.948427 0.500000 17.061985
1 1012 257.500000 0.000000 5 505.948427 0.500000 17.061985
1 1013 257.500000 0.000000 5 505.948427 0.500000 17.061985
1 1014 257.500000 0.000000 5 505.948427 0.500000 17.061985
1 1016 257.500000 0.000000 5 505.948427 0.500000 17.061985
1 1017 257.500000 0.000000 5 505.948427 0.500000 17.061985
1 1018 257.500000 0.000000 5 505.948427 0.500000 17.061985
1 1020 257.500000 0.000000 5 505.948427 0.500000 17.061985
1 1021 257.500000 0.000000 5 505.948427 0.500000 17.061985
1 1022 257.500000 0.000000 5 505.948427 0.500000 17.061985
1 1026 257.500000 0.000000 5 505.948427 0.500000 17.061985
1 1027 257.500000 0.000000 5 505.948427 0.500000 17.061985
1 1028 257.500000 0.000000 5 505.948427 0.500000 17.061985
1 1029 257.500000 0.000000 5 505.948427 0.500000 17.061985
1 1030 257.500000 0.000000 5 505.948427 0.500000 17.061985
1 1032 257.500000 0.000000 5 505.948427 0.500000 17.061985
1 1033 257.500000 0.000000 5 505.948427 0.500000 17.061985
1 1035 257.500000 0.000000 5 505.948427 0.500000 17.061985
1 1036 257.500000 0.000000 5 505.948427 0.500000 17.061985
1 1038 257.500000 0.000000 5 505.948427 0.500000 17.061985
1 1039 257.500000 0.000000 5 505.948427 0.500000 17.061985
1 1040 257.500000 0.000000 5 505.948427 0.500000 17.061985
1 1041 257.500000 0.000000 5 505.948427 0.500000 17.061985
1 1042 257.500000 0.000000 5 505.948427 0.500000 17.061985
1 1043 257.500000 0.000000 5 505.948427 0.500000 17.061985
1 1045 257.500000 0.000000 5 505.948427 0.500000 17.061985
1 1046 257.500000 0.000000 5 505.948427 0.500000 17.061985
1 1047 257.500000 0.000000 5 505.948427 0.500000 17.061985
1 1048 257.500000 0.000000 5 505.948427 0.500000 17.061985
1 1051 257.500000 0.000000 5 505.948427 0.500000 17.061985
1 1052 257.500000 0.000000 5 505.948427 0.500000 17.061985
1 1053 257.500000 0.000000 5 505.948427 0.500000 17.061985
1 1056 257.500000 0.000000 5 505.948427 0.500000 17.061985
1 1058 257.500000 0.000000 5 505.948427 0.500000 17.061985
1 1059 257.500000 0.000000 5 505.948427 0.500000 17.061985
1 1060 257.500000 0.000000 5 505.948427 0.500000 17.061985
1 1061 257.500000 0.000000 5 505.948427 0.500000 17.061985
1 1062 257.500000 0.000000 5 505.948427 0.500000 17.061985
1 1063 257.500000 0.000000 5 505.948427 0.500000 17.061985
1 1065 257.500000 0.000000 5 505.948427 0.500000 17.061985
1 1066 257.500000 0.000000 5 505.948427 0.500000 17.061985
1 1068 257.500000 0.000000 5 505.948427 0.500000 17.061985
1 1070 257.500000 0.000000 5 505.948427 0.500000 17.061985
1 1072 257.500000 0.000000 5 505.948427 0.500000 17.061985
1 1074 257.500000 0.000000 5 505.948427 0.500000 17.061985
1 1075 257.500000 0.000000 5 505.948427 0.500000 17.061985
1 1076 257.500000 0.000000 5 505.948427 0.500000 17.061985
1 1079 257.500000 0.000000 5 505.948427 0.500000 17.061985
1 1083 257.500000 0.000000 5 505.948427 0.500000 17.061985
1 1089 257.500000 0.000000 5 505.948427 0.500000 17.061985
1 1090 257.500000 0.000000 5 505.948427 0.500000 17.061985
1 1092 257.500000 0.000000 5 505.948427 0.500000 17.061985
1 1093 257.500000 0.000000 5 505.948427 0.500000 17.061985
1 1094 257.500000 0.000000 5 505.948427 0.500000 17.061985
1 1095 257.500000 0.000000 5 505.948427 0.500000 17.061985
1 1096 257.500000 0.000000 5 505.948427 0.500000 17.061985
1 1097 257.500000 0.000000 5 505.948427 0.500000 17.061985
1 1098 257.500000 0.000000 5 505.948427 0.500000 17.061985
1 1099 257.500000 0.000000 5 505.948427 0.500000 17.061985
1 1100 257.500000 0.000000 5 505.948427 0.500000 17.061985
1 1101 257.500000 0.000000 5 505.948427 0.500000 17.061985
1 1103 257.500000 0.000000 5 505.948427 0.500000 17.061985
1 1104 257.500000 0.000000 5 505.948427 0.500000 17.061985
1 1106 257.500000 0.000000 5 505.948427 0.500000 17.061985
1 1107 257.500000 0.000000 5 505.948427 0.500000 17.061985
1 1109 257.500000 0.000000 5 505.948427 0.500000 17.061985
1 1111 257.500000 0.000000 5 505.948427 0.500000 17.061985
1 1113 257.500000 0.000000 5 505.948427 0.500000 17.061985
1 1114 257.500000 0.000000 5 505.948427 0.500000 17.061985
1 1117 257.500000 0.000000 5 505.948427 0.500000 17.061985
1 1121 257.500000 0.000000 5 505.948427 0.500000 17.061985
1 1122 257.500000 0.000000 5 505.948427 0.500000 17.061985
1 1123 257.500000 0.000000 5 505.948427 0.500000 17.061985
1 1124 257.500000 0.000000 5 505.948427 0.500000 17.061985
1 1125 257.500000 0.000000 5 505.948427 0.500000 17.061985
1 1127 257.500000 0.000000 5 505.948427 0.500000 17.061985
1 1129 257.500000 0.000000 5 505.948427 0.500000 17.061985
1 1131 257.500000 0.000000 5 505.948427 0.500000 17.061985
1 1132 257.500000 0.000000 5 505.948427 0.500000 17.061985
1 1134 257.500000 0.000000 5 505.948427 0.500000 17.061985
1 1137 257.500000 0.000000 5 505.948427 0.500000 17.061985
1 1139 257.500000 0.000000 5 505.948427 0.500000 17.061985
1 1140 257.500000 0.000000 5 505.948427 0.500000 17.061985
1 1143 257.500000 0.000000 5 505.948427 0.500000 17.061985
1 1144 257.500000 0.000000 5 505.948427 0.500000 17.061985
1 1146 257.500000 0.000000 5 505.948427 0.500000 17.061985
1 1147 257.500000 0.000000 5 505.948427 0.500000 17.061985
1 1150 257.500000 0.000000 5 505.948427 0.500000 17.061985
1 1151 257.500000 0.000000 5 505.948427 0.500000 17.061985
1 1154 257.500000 0.000000 5 505.948427 0.500000 17.061985
1 1155 257.500000 0.000000 5 505.948427 0.500000 17.061985
1 1156 257.500000 0.000000 5 505.948427 0.500000 17.061985
1 1157 257.500000 0.000000 5 505.948427 0.500000 17.061985
1 1159 257.500000 0.000000 5 505.948427 0.500000 17.061985
1 1160 257.500000 0.000000 5 505.948427 0.500000 17.061985
1 1162 257.500000 0.000000 5 505.948427 0.500000 17.061985
1 1163 257.500000 0.000000 5 505.948427 0.500000 17.061985
1 1164 257.500000 0.000000 5 505.948427 0.500000 17.061985
1 1166 257.500000 0.000000 5 505.948427 0.500000 17.061985
1 1168 257.500000 0.000000 5 505.948427 0.500000 17.061985
1 1170 257.500000 0.000000 5 505.948427 0.500000 17.061985
1 1172 257.500000 0.000000 5 505.948427 0.500000 17.061985
1 1173 257.500000 0.000000 5 505.948427 0.500000 17.061985
1 1174 257.500000 0.000000 5 505.948427 0.500000 17.061985
1 1175 257.500000 0.000000 5 505.948427 0.500000 17.061985
1 1177 257.500000 0.000000 5 505.948427 0.500000 17.061985
1 1178 257.500000 0.000000 5 505.948427 0.500000 17.061985
1 1179 257.500000 0.000000 5 505.948427 0.500000 17.061985
1 1180 257.500000 0.000000 5 505.948427 0.500000 17.061985
1 1181 257.500000 0.000000 5 505.948427 0.500000 17.061985
1 1182 257.500000 0.000000 5 505.948427 0.500000 17.061985
1 1183 257.500000 0.000000 5 505.948427 0.500000 17.061985
1 1187 257.500000 0.000000 5 505.948427 0.500000 17.061985
1 1188 257.500000 0.000000 5 505.948427 0.500000 17.061985
1 1191 257.500000 0.000000 5 505.948427 0.500000 17.061985
1 1192 257.500000 0.000000 5 505.948427 0.500000 17.061985
1 1193 257.500000 0.000000 5 505.948427 0.500000 17.061985
1 1194 257.500000 0.000000 5 505.948427 0.500000 17.061985
1 1197 257.500000 0.000000 5 505.948427 0.500000 17.061985
1 1198 257.500000 0.000000 5 505.948427 0.500000 17.061985
1 1200 257.500000 0.000000 5 505.948427 0.500000 17.061985
1 1201 257.500000 0.000000 5 505.948427 0.500000 17.061985
1 1203 257.500000 0.000000 5 505.948427 0.500000 17.061985
1 1205 257.500000 0.000000 5 505.948427 0.500000 17.061985
1 1206 257.500000 0.000000 5 505.948427 0.500000 17.061985
1 1207 257.500000 0.000000 5 505.948427 0.500000 17.061985
1 1208 257.500000 0.000000 5 505.948427 0.500000 17.061985
1 1210 257.500000 0.000000 5 505.948427 0.500000 17.061985
1 1211 257.500000 0.000000 5 505.948427 0.500000 17.061985
1 1212 257.500000 0.000000 5 505.948427 0.500000 17.061985
1 1216 257.500000 0.000000 5 505.948427 0.500000 17.061985
1 1218 257.500000 0.000000 5 505.948427 0.500000 17.061985
1 1219 257.500000 0.000000 5 505.948427 0.500000 17.061985
1 1220 257.500000 0.000000 5 505.948427 0.500000 17.061985
1 1222 257.500000 0.000000 5 505.948427 0.500000 17.061985
1 1224 257.500000 0.000000 5 505.948427 0.500000 17.061985
1 1225 257.500000 0.000000 5 505.948427 0.500000 17.061985
1 1226 257.500000 0.000000 5 505.948427 0.500000 17.061985
1 1227 257.500000 0.000000 5 505.948427 0.500000 17.061985
1 1228 257.500000 0.000000 5 505.948427 0.500000 17.061985
1 1230 257.500000 0.000000 5 505.948427 0.500000 17.061985
1 1233 257.500000 0.000000 5 505.948427 0.500000 17.061985
1 1235 257.500000 0.000000 5 505.948427 0.500000 17.061985
1 1237 257.500000 0.000000 5 505.948427 0.500000 17.061985
1 1238 257.500000 0.000000 5 505.948427 0.500000 17.061985
1 1244 257.500000 0.000000 5 505.948427 0.500000 17.061985
1 1245 257.500000 0.000000 5 505.948427 0.500000 17.061985
1 1246 257.500000 0.000000 5 505.948427 0.500000 17.061985
1 1249 257.500000 0.000000 5 505.948427 0.500000 17.061985
1 1251 257.500000 0.000000 5 505.948427 0.500000 17.061985
1 1257 257.500000 0.000000 5 505.948427 0.500000 17.061985
1 1259 257.500000 0.000000 5 505.948427 0.500000 17.061985
1 1260 257.500000 0.000000 5 505.948427 0.500000 17.061985
1 1261 257.500000 0.000000 5 505.948427 0.500000 17.061985
1 1266 257.500000 0.000000 5 505.948427 0.500000 17.061985
1 1267 257.500000 0.000000 5 505.948427 0.500000 17.061985
1 1269 257.500000 0.000000 5 505.948427 0.500000 17.061985
1 1270 257.500000 0.000000 5 505.948427 0.500000 17.061985
1 1271 257.500000 0.000000 5 505.948427 0.500000 17.061985
1 1275 257.500000 0.000000 5 505.948427 0.500000 17.061985
1 1276 257.500000 0.000000 5 505.948427 0.500000 17.061985
1 1279 257.500000 0.000000 5 505.948427 0.500000 17.061985
1 1284 257.500000 0.000000 5 505.948427 0.500000 17.061985
1 1287 257.500000 0.000000 5 505.948427 0.500000 17.061985
1 1288 257.500000 0.000000 5 505.948427 0.500000 17.061985
1 1289 257.500000 0.000000 5 505.948427 0.500000 17.061985
1 1291 257.500000 0.000000 5 505.948427 0.500000 17.061985
1 1295 257.500000 0.000000 5 505.948427 0.500000 17.061985
1 1296 257.500000 0.000000 5 505.948427 0.500000 17.061985
1 1302 257.500000 0.000000 5 505.948427 0.500000 17.061985
1 1305 257.500000 0.000000 5 505.948427 0.500000 17.061985
1 1309 257.500000 0.000000 5 505.948427 0.500000 17.061985
1 1314 257.500000 0.000000 5 505.948427 0.500000 17.061985
1 1315 257.500000 0.000000 5 505.948427 0.500000 17.061985
1 1319 257.500000 0.000000 5 505.948427 0.500000 17.061985
1 1325 257.500000 0.000000 5 505.948427 0.500000 17.061985
1 1326 257.500000 0.000000 5 505.948427 0.500000 17.061985
1 1327 257.500000 0.000000 5 505.948427 0.500000 17.061985
1 1328 257.500000 0.000000 5 505.948427 0.500000 17.061985
1 1331 257.500000 0.000000 5 505.948427 0.500000 17.061985
1 1332 257.500000 0.000000 5 505.948427 0.500000 17.061985
1 1334 257.500000 0.000000 5 505.948427 0.500000 17.061985
1 1335 257.500000 0.000000 5 505.948427 0.500000 17.061985
1 1336 257.500000 0.000000 5 505.948427 0.500000 17.061985
1 1337 257.500000 0.000000 5 505.948427 0.500000 17.061985
1 1338 257.500000 0.000000 5 505.948427 0.500000 17.061985
1 1341 257.500000 0.000000 5 505.948427 0.500000 17.061985
1 1342 257.500000 0.000000 5 505.948427 0.500000 17.061985
1 1344 257.500000 0.000000 5 505.948427 0.500000 17.061985
1 1346 257.500000 0.000000 5 505.948427 0.500000 17.061985
1 1348 257.500000 0.000000 5 505.948427 0.500000 17.061985
1 1355 257.500000 0.000000 5 505.948427 0.500000 17.061985
1 1356 257.500000 0.000000 5 505.948427 0.500000 17.061985
1 1364 257.500000 0.000000 5 505.948427 0.500000 17.061985
1 1365 257.500000 0.000000 5 505.948427 0.500000 17.061985
1 1367 257.500000 0.000000 5 505.948427 0.500000 17.061985
1 1370 257.500000 0.000000 5 505.948427 0.500000 17.061985
1 1374 257.500000 0.000000 5 505.948427 0.500000 17.061985
1 1379 257.500000 0.000000 5 505.948427 0.500000 17.061985
1 1383 257.500000 0.000000 5 505.948427 0.500000 17.061985
1 1387 257.500000 0.000000 5 505.948427 0.500000 17.061985
1 1394 257.500000 0.000000 5 505.948427 0.500000 17.061985
1 1395 257.500000 0.000000 5 505.948427 0.500000 17.061985
1 1397 257.500000 0.000000 5 505.948427 0.500000 17.061985
1 1401 257.500000 0.000000 5 505.948427 0.500000 17.061985
1 1402 257.500000 0.000000 5 505.948427 0.500000 17.061985
1 1404 257.500000 0.000000 5 505.948427 0.500000 17.061985
1 1633 257.500000 0.000000 5 505.948427 0.500000 17.061985
1 1631 257.500000 0.000000 5 505.948427 0.500000 17.061985
1 1630 257.500000 0.000000 5 505.948427 0.500000 17.061985
1 1629 257.500000 0.000000 5 505.948427 0.500000 17.061985
1 1627 257.500000 0.000000 5 505.948427 0.500000 17.061985
1 1626 257.500000 0.000000 5 505.948427 0.500000 17.061985
1 1624 257.500000 0.000000 5 505.948427 0.500000 17.061985
1 1622 257.500000 0.000000 5 505.948427 0.500000 17.061985
1 1621 257.500000 0.000000 5 505.948427 0.500000 17.061985
1 1619 257.500000 0.000000 5 505.948427 0.500000 17.061985
1 1616 257.500000 0.000000 5 505.948427 0.500000 17.061985
1 1615 257.500000 0.000000 5 505.948427 0.500000 17.061985
1 1611 257.500000 0.000000 5 505.948427 0.500000 17.061985
1 1609 257.500000 0.000000 5 505.948427 0.500000 17.061985
1 1607 257.500000 0.000000 5 505.948427 0.500000 17.061985
1 1604 257.500000 0.000000 5 505.948427 0.500000 17.061985
1 1603 257.500000 0.000000 5 505.948427 0.500000 17.061985
1 1602 257.500000 0.000000 5 505.948427 0.500000 17.061985
1 1601 257.500000 0.000000 5 505.948427 0.500000 17.061985
1 1600 257.500000 0.000000 5 505.948427 0.500000 17.061985
1 1599 257.500000 0.000000 5 505.948427 0.500000 17.061985
1 1597 257.500000 0.000000 5 505.948427 0.500000 17.061985
1 1596 257.500000 0.000000 5 505.948427 0.500000 17.061985
1 1592 257.500000 0.000000 5 505.948427 0.500000 17.061985
1 1591 257.500000 0.000000 5 505.948427 0.500000 17.061985
1 1587 257.500000 0.000000 5 505.948427 0.500000 17.061985
1 1583 257.500000 0.000000 5 505.948427 0.500000 17.061985
1 1582 257.500000 0.000000 5 505.948427 0.500000 17.061985
1 1581 257.500000 0.000000 5 505.948427 0.500000 17.061985
1 1579 257.500000 0.000000 5 505.948427 0.500000 17.061985
1 1578 257.500000 0.000000 5 505.948427 0.500000 17.061985
1 1577 257.500000 0.000000 5 505.948427 0.500000 17.061985
1 1576 257.500000 0.000000 5 505.948427 0.500000 17.061985
1 1575 257.500000 0.000000 5 505.948427 0.500000 17.061985
1 1574 257.500000 0.000000 5 505.948427 0.500000 17.061985
1 1573 257.500000 0.000000 5 505.948427 0.500000 17.061985
1 1572 257.500000 0.000000 5 505.948427 0.500000 17.061985
1 1571 257.500000 0.000000 5 505.948427 0.500000 17.061985
1 1570 257.500000 0.000000 5 505.948427 0.500000 17.061985
1 1569 257.500000 0.000000 5 505.948427 0.500000 17.061985
1 1568 257.500000 0.000000 5 505.948427 0.500000 17.061985
1 1565 257.500000 0.000000 5 505.948427 0.500000 17.061985
1 1561 257.500000 0.000000 5 505.948427 0.500000 17.061985
1 1560 257.500000 0.000000 5 505.948427 0.500000 17.061985
1 1558 257.500000 0.000000 5 505.948427 0.500000 17.061985
1 1557 257.500000 0.000000 5 505.948427 0.500000 17.061985
1 1555 257.500000 0.000000 5 505.948427 0.500000 17.061985
1 1554 257.500000 0.000000 5 505.948427 0.500000 17.061985
1 1552 257.500000 0.000000 5 505.948427 0.500000 17.061985
1 1551 257.500000 0.000000 5 505.948427 0.500000 17.061985
1 1550 257.500000 0.000000 5 505.948427 0.500000 17.061985
1 1547 257.500000 0.000000 5 505.948427 0.500000 17.061985
1 1546 257.500000 0.000000 5 505.948427 0.500000 17.061985
1 1545 257.500000 0.000000 5 505.948427 0.500000 17.061985
1 1544 257.500000 0.000000 5 505.948427 0.500000 17.061985
1 1543 257.500000 0.000000 5 505.948427 0.500000 17.061985
1 1542 257.500000 0.000000 5 505.948427 0.500000 17.061985
1 1541 257.500000 0.000000 5 505.948427 0.500000 17.061985
1 1540 257.500000 0.000000 5 505.948427 0.500000 17.061985
1 1539 257.500000 0.000000 5 505.948427 0.500000 17.061985
1 1538 257.500000 0.000000 5 505.948427 0.500000 17.061985
1 1537 257.500000 0.000000 5 505.948427 0.500000 17.061985
1 1536 257.500000 0.000000 5 505.948427 0.500000 17.061985
1 1535 257.500000 0.000000 5 505.948427 0.500000 17.061985
1 1534 257.500000 0.000000 5 505.948427 0.500000 17.061985
1 1533 257.500000 0.000000 5 505.948427 0.500000 17.061985
1 1527 257.500000 0.000000 5 505.948427 0.500000 17.061985
1 1526 257.500000 0.000000 5 505.948427 0.500000 17.061985
1 1525 257.500000 0.000000 5 505.948427 0.500000 17.061985
1 1524 257.500000 0.000000 5 505.948427 0.500000 17.061985
1 1523 257.500000 0.000000 5 505.948427 0.500000 17.061985
1 1522 257.500000 0.000000 5 505.948427 0.500000 17.061985
1 1521 257.500000 0.000000 5 505.948427 0.500000 17.061985
1 1520 257.500000 0.000000 5 505.948427 0.500000 17.061985
1 1518 257.500000 0.000000 5 505.948427 0.500000 17.061985
1 1515 257.500000 0.000000 5 505.948427 0.500000 17.061985
1 1514 257.500000 0.000000 5 505.948427 0.500000 17.061985
1 1513 257.500000 0.000000 5 505.948427 0.500000 17.061985
1 1510 257.500000 0.000000 5 505.948427 0.500000 17.061985
1 1509 257.500000 0.000000 5 505.948427 0.500000 17.061985
1 1508 257.500000 0.000000 5 505.948427 0.500000 17.061985
1 1507 257.500000 0.000000 5 505.948427 0.500000 17.061985
1 1503 257.500000 0.000000 5 505.948427 0.500000 17.061985
1 1502 257.500000 0.000000 5 505.948427 0.500000 17.061985
1 1501 257.500000 0.000000 5 505.948427 0.500000 17.061985
1 1500 257.500000 0.000000 5 505.948427 0.500000 17.061985
1 1499 257.500000 0.000000 5 505.948427 0.500000 17.061985
1 1498 257.500000 0.000000 5 505.948427 0.500000 17.061985
1 1497 257.500000 0.000000 5 505.948427 0.500000 17.061985
1 1496 257.500000 0.000000 5 505.948427 0.500000 17.061985
1 1494 257.500000 0.000000 5 505.948427 0.500000 17.061985
1 1489 257.500000 0.000000 5 505.948427 0.500000 17.061985
1 1488 257.500000 0.000000 5 505.948427 0.500000 17.061985
1 1487 257.500000 0.000000 5 505.948427 0.500000 17.061985
1 1486 257.500000 0.000000 5 505.948427 0.500000 17.061985
1 1485 257.500000 0.000000 5 505.948427 0.500000 17.061985
1 1484 257.500000 0.000000 5 505.948427 0.500000 17.061985
1 1483 257.500000 0.000000 5 505.948427 0.500000 17.061985
1 1481 257.500000 0.000000 5 505.948427 0.500000 17.061985
1 1480 257.500000 0.000000 5 505.948427 0.500000 17.061985
1 1479 257.500000 0.000000 5 505.948427 0.500000 17.061985
1 1478 257.500000 0.000000 5 505.948427 0.500000 17.061985
1 1476 257.500000 0.000000 5 505.948427 0.500000 17.061985
1 1473 257.500000 0.000000 5 505.948427 0.500000 17.061985
1 1472 257.500000 0.000000 5 505.948427 0.500000 17.061985
1 1470 257.500000 0.000000 5 505.948427 0.500000 17.061985
1 1468 257.500000 0.000000 5 505.948427 0.500000 17.061985
1 1465 257.500000 0.000000 5 505.948427 0.500000 17.061985
1 1464 257.500000 0.000000 5 505.948427 0.500000 17.061985
1 1462 257.500000 0.000000 5 505.948427 0.500000 17.061985
1 1461 257.500000 0.000000 5 505.948427 0.500000 17.061985
1 1457 257.500000 0.000000 5 505.948427 0.500000 17.061985
1 1456 257.500000 0.000000 5 505.948427 0.500000 17.061985
1 1455 257.500000 0.000000 5 505.948427 0.500000 17.061985
1 1453 257.500000 0.000000 5 505.948427 0.500000 17.061985
1 1452 257.500000 0.000000 5 505.948427 0.500000 17.061985
1 1451 257.500000 0.000000 5 505.948427 0.500000 17.061985
1 1449 257.500000 0.000000 5 505.948427 0.500000 17.061985
1 1448 257.500000 0.000000 5 505.948427 0.500000 17.061985
1 1446 257.500000 0.000000 5 505.948427 0.500000 17.061985
1 1445 257.500000 0.000000 5 505.948427 0.500000 17.061985
1 1444 257.500000 0.000000 5 505.948427 0.500000 17.061985
1 1443 257.500000 0.000000 5 505.948427 0.500000 17.061985
1 1442 257.500000 0.000000 5 505.948427 0.500000 17.061985
1 1441 257.500000 0.000000 5 505.948427 0.500000 17.061985
1 1439 257.500000 0.000000 5 505.948427 0.500000 17.061985
1 1438 257.500000 0.000000 5 505.948427 0.500000 17.061985
1 1437 257.500000 0.000000 5 505.948427 0.500000 17.061985
1 1436 257.500000 0.000000 5 505.948427 0.500000 17.061985
1 1435 257.500000 0.000000 5 505.948427 0.500000 17.061985
1 1433 257.500000 0.000000 5 505.948427 0.500000 17.061985
1 1431 257.500000 0.000000 5 505.948427 0.500000 17.061985
1 1429 257.500000 0.000000 5 505.948427 0.500000 17.061985
1 1428 257.500000 0.000000 5 505.948427 0.500000 17.061985
1 1427 257.500000 0.000000 5 505.948427 0.500000 17.061985
1 1426 257.500000 0.000000 5 505.948427 0.500000 17.061985
1 1425 257.500000 0.000000 5 505.948427 0.500000 17.061985
1 1424 257.500000 0.000000 5 505.948427 0.500000 17.061985
1 1423 257.500000 0.000000 5 505.948427 0.500000 17.061985
1 1422 257.500000 0.000000 5 505.948427 0.500000 17.061985
1 1421 257.500000 0.000000 5 505.948427 0.500000 17.061985
1 1419 257.500000 0.000000 5 505.948427 0.500000 17.061985
1 1418 257.500000 0.000000 5 505.948427 0.500000 17.061985
1 1417 257.500000 0.000000 5 505.948427 0.500000 17.061985
1 1411 257.500000 0.000000 5 505.948427 0.500000 17.061985
1 1410 257.500000 0.000000 5 505.948427 0.500000 17.061985
1 1409 257.500000 0.000000 5 505.948427 0.500000 17.061985
1 1408 257.500000 0.000000 5 505.948427 0.500000 17.061985
1 1407 257.500000 0.000000 5 505.948427 0.500000 17.061985
1 1406 257.500000 0.000000 5 505.948427 0.500000 17.061985
1 1405 257.500000 0.000000 5 505.948427 0.500000 17.061985
1 1403 257.500000 0.000000 5 505.948427 0.500000 17.061985
1 1399 257.500000 0.000000 5 505.948427 0.500000 17.061985
1 1398 257.500000 0.000000 5 505.948427 0.500000 17.061985
1 1392 257.500000 0.000000 5 505.948427 0.500000 17.061985
1 1388 257.500000 0.000000 5 505.948427 0.500000 17.061985
1 1386 257.500000 0.000000 5 505.948427 0.500000 17.061985
1 1385 257.500000 0.000000 5 505.948427 0.500000 17.061985
1 1384 257.500000 0.000000 5 505.948427 0.500000 17.061985
1 1380 257.500000 0.000000 5 505.948427 0.500000 17.061985
1 1376 257.500000 0.000000 5 505.948427 0.500000 17.061985
1 1375 257.500000 0.000000 5 505.948427 0.500000 17.061985
1 1372 257.500000 0.000000 5 505.948427 0.500000 17.061985
1 1371 257.500000 0.000000 5 505.948427 0.500000 17.061985
1 1368 257.500000 0.000000 5 505.948427 0.500000 17.061985
1 1366 257.500000 0.000000 5 505.948427 0.500000 17.061985
1 1363 257.500000 0.000000 5 505.948427 0.500000 17.061985
1 1362 257.500000 0.000000 5 505.948427 0.500000 17.061985
1 1354 257.500000 0.000000 5 505.948427 0.500000 17.061985
1 1353 257.500000 0.000000 5 505.948427 0.500000 17.061985
1 1352 257.500000 0.000000 5 505.948427 0.500000 17.061985
1 1351 257.500000 0.000000 5 505.948427 0.500000 17.061985
1 1350 257.500000 0.000000 5 505.948427 0.500000 17.061985
1 1347 257.500000 0.000000 5 505.948427 0.500000 17.061985
1 1329 257.500000 0.000000 5 505.948427 0.500000 17.061985
1 1321 257.500000 0.000000 5 505.948427 0.500000 17.061985
1 1318 257.500000 0.000000 5 505.948427 0.500000 17.061985
1 1317 257.500000 0.000000 5 505.948427 0.500000 17.061985
1 1310 257.500000 0.000000 5 505.948427 0.500000 17.061985
1 1300 257.500000 0.000000 5 505.948427 0.500000 17.061985
1 1297 257.500000 0.000000 5 505.948427 0.500000 17.061985
1 1281 257.500000 0.000000 5 505.948427 0.500000 17.061985
1 1241 257.500000 0.000000 5 505.948427 0.500000 17.061985
