1636 15.000000 257.500000
1635 15.000000 257.500000
1634 15.000000 257.500000
1633 15.000000 257.500000
1632 15.000000 257.500000
1631 15.000000 257.500000
1630 15.000000 257.500000
1629 15.000000 257.500000
1628 15.000000 257.500000
1627 15.000000 257.500000
1626 15.000000 257.500000
1625 15.000000 257.500000
1624 15.000000 257.500000
1623 15.000000 257.500000
1622 15.000000 257.500000
1621 15.000000 257.500000
1620 15.000000 257.500000
1619 15.000000 257.500000
1618 15.000000 257.500000
1617 15.000000 257.500000
1616 15.000000 257.500000
1615 15.000000 257.500000
1614 15.000000 257.500000
1613 15.000000 257.500000
1612 15.000000 257.500000
1611 15.000000 257.500000
1610 15.000000 257.500000
1609 15.000000 257.500000
1608 15.000000 257.500000
1607 15.000000 257.500000
1606 15.000000 257.500000
1605 15.000000 257.500000
1604 15.000000 257.500000
1603 15.000000 257.500000
1602 15.000000 257.500000
1601 15.000000 257.500000
1600 15.000000 257.500000
1599 15.000000 257.500000
1598 15.000000 257.500000
1597 15.000000 257.500000
1596 15.000000 257.500000
1595 15.000000 257.500000
1594 15.000000 257.500000
1593 15.000000 257.500000
1592 15.000000 257.500000
1591 15.000000 257.500000
1590 15.000000 257.500000
1589 15.000000 257.500000
1588 15.000000 257.500000
1587 15.000000 257.500000
1586 15.000000 257.500000
1585 15.000000 257.500000
1584 15.000000 257.500000
1583 15.000000 257.500000
1582 15.000000 257.500000
1581 15.000000 257.500000
1580 15.000000 257.500000
1579 15.000000 257.500000
1578 15.000000 257.500000
1577 15.000000 257.500000
1576 15.000000 257.500000
1575 15.000000 257.500000
1574 15.000000 257.500000
1573 15.000000 257.500000
1572 15.000000 257.500000
1571 15.000000 257.500000
1570 15.000000 257.500000
1569 15.000000 257.500000
1568 15.000000 257.500000
1567 15.000000 257.500000
1566 15.000000 257.500000
1565 15.000000 257.500000
1564 15.000000 257.500000
1563 15.000000 257.500000
1562 15.000000 257.500000
1561 15.000000 257.500000
1560 15.000000 257.500000
1559 15.000000 257.500000
1558 15.000000 257.500000
1557 15.000000 257.500000
1556 15.000000 257.500000
1555 15.000000 257.500000
1554 15.000000 257.500000
1553 15.000000 257.500000
1552 15.000000 257.500000
1551 15.000000 257.500000
1550 15.000000 257.500000
1549 15.000000 257.500000
1548 15.000000 257.500000
1547 15.000000 257.500000
1546 15.000000 257.500000
1545 15.000000 257.500000
1544 15.000000 257.500000
1543 15.000000 257.500000
1542 15.000000 257.500000
1541 15.000000 257.500000
1540 15.000000 257.500000
1539 15.000000 257.500000
1538 15.000000 257.500000
1537 15.000000 257.500000
1536 15.000000 257.500000
1535 15.000000 257.500000
1534 15.000000 257.500000
1533 15.000000 257.500000
1532 15.000000 257.500000
1531 15.000000 257.500000
1530 15.000000 257.500000
1529 15.000000 257.500000
1528 15.000000 257.500000
1527 15.000000 257.500000
1526 15.000000 257.500000
1525 15.000000 257.500000
1524 15.000000 257.500000
1523 15.000000 257.500000
1522 15.000000 257.500000
1521 15.000000 257.500000
1520 15.000000 257.500000
1519 15.000000 257.500000
1518 15.000000 257.500000
1517 15.000000 257.500000
1516 15.000000 257.500000
1515 15.000000 257.500000
1514 15.000000 257.500000
1513 15.000000 257.500000
1512 15.000000 257.500000
1511 15.000000 257.500000
1510 15.000000 257.500000
1509 15.000000 257.500000
1508 15.000000 257.500000
1507 15.000000 257.500000
1506 15.000000 257.500000
1505 15.000000 257.500000
1504 15.000000 257.500000
1503 15.000000 257.500000
1502 15.000000 257.500000
1501 15.000000 257.500000
1500 15.000000 257.500000
1499 15.000000 257.500000
1498 15.000000 257.500000
1497 15.000000 257.500000
1496 15.000000 257.500000
1495 15.000000 257.500000
1494 15.000000 257.500000
1493 15.000000 257.500000
1492 15.000000 257.500000
1491 15.000000 257.500000
1490 15.000000 257.500000
1489 15.000000 257.500000
1488 15.000000 257.500000
1487 15.000000 257.500000
1486 15.000000 257.500000
1485 15.000000 257.500000
1484 15.000000 257.500000
1483 15.000000 257.500000
1482 15.000000 257.500000
1481 15.000000 257.500000
1480 15.000000 257.500000
1479 15.000000 257.500000
1478 15.000000 257.500000
1477 15.000000 257.500000
1476 15.000000 257.500000
1475 15.000000 257.500000
1474 15.000000 257.500000
1473 15.000000 257.500000
1472 15.000000 257.500000
1471 15.000000 257.500000
1470 15.000000 257.500000
1469 15.000000 257.500000
1468 15.000000 257.500000
1467 15.000000 257.500000
1466 15.000000 257.500000
1465 15.000000 257.500000
1464 15.000000 257.500000
1463 15.000000 257.500000
1462 15.000000 257.500000
1461 15.000000 257.500000
1460 15.000000 257.500000
1459 15.000000 257.500000
1458 15.000000 257.500000
1457 15.000000 257.500000
1456 15.000000 257.500000
1455 15.000000 257.500000
1454 15.000000 257.500000
1453 15.000000 257.500000
1452 15.000000 257.500000
1451 15.000000 257.500000
1450 15.000000 257.500000
1449 15.000000 257.500000
1448 15.000000 257.500000
1447 15.000000 257.500000
1446 15.000000 257.500000
1445 15.000000 257.500000
1444 15.000000 257.500000
1443 15.000000 257.500000
1442 15.000000 257.500000
1441 15.000000 257.500000
1440 15.000000 257.500000
1439 15.000000 257.500000
1438 15.000000 257.500000
1437 15.000000 257.500000
1436 15.000000 257.500000
1435 15.000000 257.500000
1434 15.000000 257.500000
1433 15.000000 257.500000
1432 15.000000 257.500000
1431 15.000000 257.500000
1430 15.000000 257.500000
1429 15.000000 257.500000
1428 15.000000 257.500000
1427 15.000000 257.500000
1426 15.000000 257.500000
1425 15.000000 257.500000
1424 15.000000 257.500000
1423 15.000000 257.500000
1422 15.000000 257.500000
1421 15.000000 257.500000
1420 15.000000 257.500000
1419 15.000000 257.500000
1418 15.000000 257.500000
1417 15.000000 257.500000
1416 15.000000 257.500000
1415 15.000000 257.500000
1414 15.000000 257.500000
1413 15.000000 257.500000
1412 15.000000 257.500000
1411 15.000000 257.500000
1410 15.000000 257.500000
1409 15.000000 257.500000
1408 15.000000 257.500000
1407 15.000000 257.500000
1406 15.000000 257.500000
1405 15.000000 257.500000
1404 15.000000 257.500000
1403 15.000000 257.500000
1402 15.000000 257.500000
1401 15.000000 257.500000
1400 15.000000 257.500000
1399 15.000000 257.500000
1398 15.000000 257.500000
1397 15.000000 257.500000
1396 15.000000 257.500000
1395 15.000000 257.500000
1394 15.000000 257.500000
1393 15.000000 257.500000
1392 15.000000 257.500000
1391 15.000000 257.500000
1390 15.000000 257.500000
1389 15.000000 257.500000
1388 15.000000 257.500000
1387 15.000000 257.500000
1386 15.000000 257.500000
1385 15.000000 257.500000
1384 15.000000 257.500000
1383 15.000000 257.500000
1382 15.000000 257.500000
1381 15.000000 257.500000
1380 15.000000 257.500000
1379 15.000000 257.500000
1378 15.000000 257.500000
1377 15.000000 257.500000
1376 15.000000 257.500000
1375 15.000000 257.500000
1374 15.000000 257.500000
1373 15.000000 257.500000
1372 15.000000 257.500000
1371 15.000000 257.500000
1370 15.000000 257.500000
1369 15.000000 257.500000
1368 15.000000 257.500000
1367 15.000000 257.500000
1366 15.000000 257.500000
1365 15.000000 257.500000
1364 15.000000 257.500000
1363 15.000000 257.500000
1362 15.000000 257.500000
1361 15.000000 257.500000
1360 15.000000 257.500000
1359 15.000000 257.500000
1358 15.000000 257.500000
1357 15.000000 257.500000
1356 15.000000 257.500000
1355 15.000000 257.500000
1354 15.000000 257.500000
1353 15.000000 257.500000
1352 15.000000 257.500000
1351 15.000000 257.500000
1350 15.000000 257.500000
1349 15.000000 257.500000
1348 15.000000 257.500000
1347 15.000000 257.500000
1346 15.000000 257.500000
1345 15.000000 257.500000
1344 15.000000 257.500000
1343 15.000000 257.500000
1342 15.000000 257.500000
1341 15.000000 257.500000
1340 15.000000 257.500000
1339 15.000000 257.500000
1338 15.000000 257.500000
1337 15.000000 257.500000
1336 15.000000 257.500000
1335 15.000000 257.500000
1334 15.000000 257.500000
1333 15.000000 257.500000
1332 15.000000 257.500000
1331 15.000000 257.500000
1330 15.000000 257.500000
1329 15.000000 257.500000
1328 15.000000 257.500000
1327 15.000000 257.500000
1326 15.000000 257.500000
1325 15.000000 257.500000
1324 15.000000 257.500000
1323 15.000000 257.500000
1322 15.000000 257.500000
1321 15.000000 257.500000
1320 15.000000 257.500000
1319 15.000000 257.500000
1318 15.000000 257.500000
1317 15.000000 257.500000
1316 15.000000 257.500000
1315 15.000000 257.500000
1314 15.000000 257.500000
1313 15.000000 257.500000
1312 15.000000 257.500000
1311 15.000000 257.500000
1310 15.000000 257.500000
1309 15.000000 257.500000
1308 15.000000 257.500000
1307 15.000000 257.500000
1306 15.000000 257.500000
1305 15.000000 257.500000
1304 15.000000 257.500000
1303 15.000000 257.500000
1302 15.000000 257.500000
1301 15.000000 257.500000
1300 15.000000 257.500000
1299 15.000000 257.500000
1298 15.000000 257.500000
1297 15.000000 257.500000
1296 15.000000 257.500000
1295 15.000000 257.500000
1294 15.000000 257.500000
1293 15.000000 257.500000
1292 15.000000 257.500000
1291 15.000000 257.500000
1290 15.000000 257.500000
1289 15.000000 257.500000
1288 15.000000 257.500000
1287 15.000000 257.500000
1286 15.000000 257.500000
1285 15.000000 257.500000
1284 15.000000 257.500000
1283 15.000000 257.500000
1282 15.000000 257.500000
1281 15.000000 257.500000
1280 15.000000 257.500000
1279 15.000000 257.500000
1278 15.000000 257.500000
1277 15.000000 257.500000
1276 15.000000 257.500000
1275 15.000000 257.500000
1274 15.000000 257.500000
1273 15.000000 257.500000
1272 15.000000 257.500000
1271 15.000000 257.500000
1270 15.000000 257.500000
1269 15.000000 257.500000
1268 15.000000 257.500000
1267 15.000000 257.500000
1266 15.000000 257.500000
1265 15.000000 257.500000
1264 15.000000 257.500000
1263 15.000000 257.500000
1262 15.000000 257.500000
1261 15.000000 257.500000
1260 15.000000 257.500000
1259 15.000000 257.500000
1258 15.000000 257.500000
1257 15.000000 257.500000
1256 15.000000 257.500000
1255 15.000000 257.500000
1254 15.000000 257.500000
1253 15.000000 257.500000
1252 15.000000 257.500000
1251 15.000000 257.500000
1250 15.000000 257.500000
1249 15.000000 257.500000
1248 15.000000 257.500000
1247 15.000000 257.500000
1246 15.000000 257.500000
1245 15.000000 257.500000
1244 15.000000 257.500000
1243 15.000000 257.500000
1242 15.000000 257.500000
1241 15.000000 257.500000
1240 15.000000 257.500000
1239 15.000000 257.500000
1238 15.000000 257.500000
1237 15.000000 257.500000
1236 15.000000 257.500000
1235 15.000000 257.500000
1234 15.000000 257.500000
1233 15.000000 257.500000
1232 15.000000 257.500000
1231 15.000000 257.500000
1230 15.000000 257.500000
1229 15.000000 257.500000
1228 15.000000 257.500000
1227 15.000000 257.500000
1226 15.000000 257.500000
1225 15.000000 257.500000
1224 15.000000 257.500000
1223 15.000000 257.500000
1222 15.000000 257.500000
1221 15.000000 257.500000
1220 15.000000 257.500000
1219 15.000000 257.500000
1218 15.000000 257.500000
1217 15.000000 257.500000
1216 15.000000 257.500000
1215 15.000000 257.500000
1214 15.000000 257.500000
1213 15.000000 257.500000
1212 15.000000 257.500000
1211 15.000000 257.500000
1210 15.000000 257.500000
1209 15.000000 257.500000
1208 15.000000 257.500000
1207 15.000000 257.500000
1206 15.000000 257.500000
1205 15.000000 257.500000
1204 15.000000 257.500000
1203 15.000000 257.500000
1202 15.000000 257.500000
1201 15.000000 257.500000
1200 15.000000 257.500000
1199 15.000000 257.500000
1198 15.000000 257.500000
1197 15.000000 257.500000
1196 15.000000 257.500000
1195 15.000000 257.500000
1194 15.000000 257.500000
1193 15.000000 257.500000
1192 15.000000 257.500000
1191 15.000000 257.500000
1190 15.000000 257.500000
1189 15.000000 257.500000
1188 15.000000 257.500000
1187 15.000000 257.500000
1186 15.000000 257.500000
1185 15.000000 257.500000
1184 15.000000 257.500000
1183 15.000000 257.500000
1182 15.000000 257.500000
1181 15.000000 257.500000
1180 15.000000 257.500000
1179 15.000000 257.500000
1178 15.000000 257.500000
1177 15.000000 257.500000
1176 15.000000 257.500000
1175 15.000000 257.500000
1174 15.000000 257.500000
1173 15.000000 257.500000
1172 15.000000 257.500000
1171 15.000000 257.500000
1170 15.000000 257.500000
1169 15.000000 257.500000
1168 15.000000 257.500000
1167 15.000000 257.500000
1166 15.000000 257.500000
1165 15.000000 257.500000
1164 15.000000 257.500000
1163 15.000000 257.500000
1162 15.000000 257.500000
1161 15.000000 257.500000
1160 15.000000 257.500000
1159 15.000000 257.500000
1158 15.000000 257.500000
1157 15.000000 257.500000
1156 15.000000 257.500000
1155 15.000000 257.500000
1154 15.000000 257.500000
1153 15.000000 257.500000
1152 15.000000 257.500000
1151 15.000000 257.500000
1150 15.000000 257.500000
1149 15.000000 257.500000
1148 15.000000 257.500000
1147 15.000000 257.500000
1146 15.000000 257.500000
1145 15.000000 257.500000
1144 15.000000 257.500000
1143 15.000000 257.500000
1142 15.000000 257.500000
1141 15.000000 257.500000
1140 15.000000 257.500000
1139 15.000000 257.500000
1138 15.000000 257.500000
1137 15.000000 257.500000
1136 15.000000 257.500000
1135 15.000000 257.500000
1134 15.000000 257.500000
1133 15.000000 257.500000
1132 15.000000 257.500000
1131 15.000000 257.500000
1130 15.000000 257.500000
1129 15.000000 257.500000
1128 15.000000 257.500000
1127 15.000000 257.500000
1126 15.000000 257.500000
1125 15.000000 257.500000
1124 15.000000 257.500000
1123 15.000000 257.500000
1122 15.000000 257.500000
1121 15.000000 257.500000
1120 15.000000 257.500000
1119 15.000000 257.500000
1118 15.000000 257.500000
1117 15.000000 257.500000
1116 15.000000 257.500000
1115 15.000000 257.500000
1114 15.000000 257.500000
1113 15.000000 257.500000
1112 15.000000 257.500000
1111 15.000000 257.500000
1110 15.000000 257.500000
1109 15.000000 257.500000
1108 15.000000 257.500000
1107 15.000000 257.500000
1106 15.000000 257.500000
1105 15.000000 257.500000
1104 15.000000 257.500000
1103 15.000000 257.500000
1102 15.000000 257.500000
1101 15.000000 257.500000
1100 15.000000 257.500000
1099 15.000000 257.500000
1098 15.000000 257.500000
1097 15.000000 257.500000
1096 15.000000 257.500000
1095 15.000000 257.500000
1094 15.000000 257.500000
1093 15.000000 257.500000
1092 15.000000 257.500000
1091 15.000000 257.500000
1090 15.000000 257.500000
1089 15.000000 257.500000
1088 15.000000 257.500000
1087 15.000000 257.500000
1086 15.000000 257.500000
1085 15.000000 257.500000
1084 15.000000 257.500000
1083 15.000000 257.500000
1082 15.000000 257.500000
1081 15.000000 257.500000
1080 15.000000 257.500000
1079 15.000000 257.500000
1078 15.000000 257.500000
1077 15.000000 257.500000
1076 15.000000 257.500000
1075 15.000000 257.500000
1074 15.000000 257.500000
1073 15.000000 257.500000
1072 15.000000 257.500000
1071 15.000000 257.500000
1070 15.000000 257.500000
1069 15.000000 257.500000
1068 15.000000 257.500000
1067 15.000000 257.500000
1066 15.000000 257.500000
1065 15.000000 257.500000
1064 15.000000 257.500000
1063 15.000000 257.500000
1062 15.000000 257.500000
1061 15.000000 257.500000
1060 15.000000 257.500000
1059 15.000000 257.500000
1058 15.000000 257.500000
1057 15.000000 257.500000
1056 15.000000 257.500000
1055 15.000000 257.500000
1054 15.000000 257.500000
1053 15.000000 257.500000
1052 15.000000 257.500000
1051 15.000000 257.500000
1050 15.000000 257.500000
1049 15.000000 257.500000
1048 15.000000 257.500000
1047 15.000000 257.500000
1046 15.000000 257.500000
1045 15.000000 257.500000
1044 15.000000 257.500000
1043 15.000000 257.500000
1042 15.000000 257.500000
1041 15.000000 257.500000
1040 15.000000 257.500000
1039 15.000000 257.500000
1038 15.000000 257.500000
1037 15.000000 257.500000
1036 15.000000 257.500000
1035 15.000000 257.500000
1034 15.000000 257.500000
1033 15.000000 257.500000
1032 15.000000 257.500000
1031 15.000000 257.500000
1030 15.000000 257.500000
1029 15.000000 257.500000
1028 15.000000 257.500000
1027 15.000000 257.500000
1026 15.000000 257.500000
1025 15.000000 257.500000
1024 15.000000 257.500000
1023 15.000000 257.500000
1022 15.000000 257.500000
1021 15.000000 257.500000
1020 15.000000 257.500000
1019 15.000000 257.500000
1018 15.000000 257.500000
1017 15.000000 257.500000
1016 15.000000 257.500000
1015 15.000000 257.500000
1014 15.000000 257.500000
1013 15.000000 257.500000
1012 15.000000 257.500000
1011 15.000000 257.500000
1010 15.000000 257.500000
1009 15.000000 257.500000
1008 15.000000 257.500000
1007 15.000000 257.500000
1006 15.000000 257.500000
1005 15.000000 257.500000
1004 15.000000 257.500000
1003 15.000000 257.500000
1002 15.000000 257.500000
1001 15.000000 257.500000
1000 15.000000 257.500000
999 15.000000 257.500000
998 15.000000 257.500000
997 15.000000 257.500000
996 15.000000 257.500000
995 15.000000 257.500000
994 15.000000 257.500000
993 15.000000 257.500000
992 15.000000 257.500000
991 15.000000 257.500000
990 15.000000 257.500000
989 15.000000 257.500000
988 15.000000 257.500000
987 15.000000 257.500000
986 15.000000 257.500000
985 15.000000 257.500000
984 15.000000 257.500000
983 15.000000 257.500000
982 15.000000 257.500000
981 15.000000 257.500000
980 15.000000 257.500000
979 15.000000 257.500000
978 15.000000 257.500000
977 15.000000 257.500000
976 15.000000 257.500000
975 15.000000 257.500000
974 15.000000 257.500000
973 15.000000 257.500000
972 15.000000 257.500000
971 15.000000 257.500000
970 15.000000 257.500000
969 15.000000 257.500000
968 15.000000 257.500000
967 15.000000 257.500000
966 15.000000 257.500000
965 15.000000 257.500000
964 15.000000 257.500000
963 15.000000 257.500000
962 15.000000 257.500000
961 15.000000 257.500000
960 15.000000 257.500000
959 15.000000 257.500000
958 15.000000 257.500000
957 15.000000 257.500000
956 15.000000 257.500000
955 15.000000 257.500000
954 15.000000 257.500000
953 15.000000 257.500000
952 15.000000 257.500000
951 15.000000 257.500000
950 15.000000 257.500000
949 15.000000 257.500000
948 15.000000 257.500000
947 15.000000 257.500000
946 15.000000 257.500000
945 15.000000 257.500000
944 15.000000 257.500000
943 15.000000 257.500000
942 15.000000 257.500000
941 15.000000 257.500000
940 15.000000 257.500000
939 15.000000 257.500000
938 15.000000 257.500000
937 15.000000 257.500000
936 15.000000 257.500000
935 15.000000 257.500000
934 15.000000 257.500000
933 15.000000 257.500000
932 15.000000 257.500000
931 15.000000 257.500000
930 15.000000 257.500000
929 15.000000 257.500000
928 15.000000 257.500000
927 15.000000 257.500000
926 15.000000 257.500000
925 15.000000 257.500000
924 15.000000 257.500000
923 15.000000 257.500000
922 15.000000 257.500000
921 15.000000 257.500000
920 15.000000 257.500000
919 15.000000 257.500000
918 15.000000 257.500000
917 15.000000 257.500000
916 15.000000 257.500000
915 15.000000 257.500000
914 15.000000 257.500000
913 15.000000 257.500000
912 15.000000 257.500000
911 15.000000 257.500000
910 15.000000 257.500000
909 15.000000 257.500000
908 15.000000 257.500000
907 15.000000 257.500000
906 15.000000 257.500000
905 15.000000 257.500000
904 15.000000 257.500000
903 15.000000 257.500000
902 15.000000 257.500000
901 15.000000 257.500000
900 15.000000 257.500000
899 15.000000 257.500000
898 15.000000 257.500000
897 15.000000 257.500000
896 15.000000 257.500000
895 15.000000 257.500000
894 15.000000 257.500000
893 15.000000 257.500000
892 15.000000 257.500000
891 15.000000 257.500000
890 15.000000 257.500000
889 15.000000 257.500000
888 15.000000 257.500000
887 15.000000 257.500000
886 15.000000 257.500000
885 15.000000 257.500000
884 15.000000 257.500000
883 15.000000 257.500000
882 15.000000 257.500000
881 15.000000 257.500000
880 15.000000 257.500000
879 15.000000 257.500000
878 15.000000 257.500000
877 15.000000 257.500000
876 15.000000 257.500000
875 15.000000 257.500000
874 15.000000 257.500000
873 15.000000 257.500000
872 15.000000 257.500000
871 15.000000 257.500000
870 15.000000 257.500000
869 15.000000 257.500000
868 15.000000 257.500000
867 15.000000 257.500000
866 15.000000 257.500000
865 15.000000 257.500000
864 15.000000 257.500000
863 15.000000 257.500000
862 15.000000 257.500000
861 15.000000 257.500000
860 15.000000 257.500000
859 15.000000 257.500000
858 15.000000 257.500000
857 15.000000 257.500000
856 15.000000 257.500000
855 15.000000 257.500000
854 15.000000 257.500000
853 15.000000 257.500000
852 15.000000 257.500000
851 15.000000 257.500000
850 15.000000 257.500000
849 15.000000 257.500000
848 15.000000 257.500000
847 15.000000 257.500000
846 15.000000 257.500000
845 15.000000 257.500000
844 15.000000 257.500000
843 15.000000 257.500000
842 15.000000 257.500000
841 15.000000 257.500000
840 15.000000 257.500000
839 15.000000 257.500000
838 15.000000 257.500000
837 15.000000 257.500000
836 15.000000 257.500000
835 15.000000 257.500000
834 15.000000 257.500000
833 15.000000 257.500000
832 15.000000 257.500000
831 15.000000 257.500000
830 15.000000 257.500000
829 15.000000 257.500000
828 15.000000 257.500000
827 15.000000 257.500000
826 15.000000 257.500000
825 15.000000 257.500000
824 15.000000 257.500000
823 15.000000 257.500000
822 15.000000 257.500000
821 15.000000 257.500000
820 15.000000 257.500000
819 15.000000 257.500000
818 15.000000 257.500000
817 15.000000 257.500000
816 15.000000 257.500000
815 15.000000 257.500000
814 15.000000 257.500000
813 15.000000 257.500000
812 15.000000 257.500000
811 15.000000 257.500000
810 15.000000 257.500000
809 15.000000 257.500000
808 15.000000 257.500000
807 15.000000 257.500000
806 15.000000 257.500000
805 15.000000 257.500000
804 15.000000 257.500000
803 15.000000 257.500000
802 15.000000 257.500000
801 15.000000 257.500000
800 15.000000 257.500000
799 15.000000 257.500000
798 15.000000 257.500000
797 15.000000 257.500000
796 15.000000 257.500000
795 15.000000 257.500000
794 15.000000 257.500000
793 15.000000 257.500000
792 15.000000 257.500000
791 15.000000 257.500000
790 15.000000 257.500000
789 15.000000 257.500000
788 15.000000 257.500000
787 15.000000 257.500000
786 15.000000 257.500000
785 15.000000 257.500000
784 15.000000 257.500000
783 15.000000 257.500000
782 15.000000 257.500000
781 15.000000 257.500000
780 15.000000 257.500000
779 15.000000 257.500000
778 15.000000 257.500000
777 15.000000 257.500000
776 15.000000 257.500000
775 15.000000 257.500000
774 15.000000 257.500000
773 15.000000 257.500000
772 15.000000 257.500000
771 15.000000 257.500000
770 15.000000 257.500000
769 15.000000 257.500000
768 15.000000 257.500000
767 15.000000 257.500000
766 15.000000 257.500000
765 15.000000 257.500000
764 15.000000 257.500000
763 15.000000 257.500000
762 15.000000 257.500000
761 15.000000 257.500000
760 15.000000 257.500000
759 15.000000 257.500000
758 15.000000 257.500000
757 15.000000 257.500000
756 15.000000 257.500000
755 15.000000 257.500000
754 15.000000 257.500000
753 15.000000 257.500000
752 15.000000 257.500000
751 15.000000 257.500000
750 15.000000 257.500000
749 15.000000 257.500000
748 15.000000 257.500000
747 15.000000 257.500000
746 15.000000 257.500000
745 15.000000 257.500000
744 15.000000 257.500000
743 15.000000 257.500000
742 15.000000 257.500000
741 15.000000 257.500000
740 15.000000 257.500000
739 15.000000 257.500000
738 15.000000 257.500000
737 15.000000 257.500000
736 15.000000 257.500000
735 15.000000 257.500000
734 15.000000 257.500000
733 15.000000 257.500000
732 15.000000 257.500000
731 15.000000 257.500000
730 15.000000 257.500000
729 15.000000 257.500000
728 15.000000 257.500000
727 15.000000 257.500000
726 15.000000 257.500000
725 15.000000 257.500000
724 15.000000 257.500000
723 15.000000 257.500000
722 15.000000 257.500000
721 15.000000 257.500000
720 15.000000 257.500000
719 15.000000 257.500000
718 15.000000 257.500000
717 15.000000 257.500000
716 15.000000 257.500000
715 15.000000 257.500000
714 15.000000 257.500000
713 15.000000 257.500000
712 15.000000 257.500000
711 15.000000 257.500000
710 15.000000 257.500000
709 15.000000 257.500000
708 15.000000 257.500000
707 15.000000 257.500000
706 15.000000 257.500000
705 15.000000 257.500000
704 15.000000 257.500000
703 15.000000 257.500000
702 15.000000 257.500000
701 15.000000 257.500000
700 15.000000 257.500000
699 15.000000 257.500000
698 15.000000 257.500000
697 15.000000 257.500000
696 15.000000 257.500000
695 15.000000 257.500000
694 15.000000 257.500000
693 15.000000 257.500000
692 15.000000 257.500000
691 15.000000 257.500000
690 15.000000 257.500000
689 15.000000 257.500000
688 15.000000 257.500000
687 15.000000 257.500000
686 15.000000 257.500000
685 15.000000 257.500000
684 15.000000 257.500000
683 15.000000 257.500000
682 15.000000 257.500000
681 15.000000 257.500000
680 15.000000 257.500000
679 15.000000 257.500000
678 15.000000 257.500000
677 15.000000 257.500000
676 15.000000 257.500000
675 15.000000 257.500000
674 15.000000 257.500000
673 15.000000 257.500000
672 15.000000 257.500000
671 15.000000 257.500000
670 15.000000 257.500000
669 15.000000 257.500000
668 15.000000 257.500000
667 15.000000 257.500000
666 15.000000 257.500000
665 15.000000 257.500000
664 15.000000 257.500000
663 15.000000 257.500000
662 15.000000 257.500000
661 15.000000 257.500000
660 15.000000 257.500000
659 15.000000 257.500000
658 15.000000 257.500000
657 15.000000 257.500000
656 15.000000 257.500000
655 15.000000 257.500000
654 15.000000 257.500000
653 15.000000 257.500000
652 15.000000 257.500000
651 15.000000 257.500000
650 15.000000 257.500000
649 15.000000 257.500000
648 15.000000 257.500000
647 15.000000 257.500000
646 15.000000 257.500000
645 15.000000 257.500000
644 15.000000 257.500000
643 15.000000 257.500000
642 15.000000 257.500000
641 15.000000 257.500000
640 15.000000 257.500000
639 15.000000 257.500000
638 15.000000 257.500000
637 15.000000 257.500000
636 15.000000 257.500000
635 15.000000 257.500000
634 15.000000 257.500000
633 15.000000 257.500000
632 15.000000 257.500000
631 15.000000 257.500000
630 15.000000 257.500000
629 15.000000 257.500000
628 15.000000 257.500000
627 15.000000 257.500000
626 15.000000 257.500000
625 15.000000 257.500000
624 15.000000 257.500000
623 15.000000 257.500000
622 15.000000 257.500000
621 15.000000 257.500000
620 15.000000 257.500000
619 15.000000 257.500000
618 15.000000 257.500000
617 15.000000 257.500000
616 15.000000 257.500000
615 15.000000 257.500000
614 15.000000 257.500000
613 15.000000 257.500000
612 15.000000 257.500000
611 15.000000 257.500000
610 15.000000 257.500000
609 15.000000 257.500000
608 15.000000 257.500000
607 15.000000 257.500000
606 15.000000 257.500000
605 15.000000 257.500000
604 15.000000 257.500000
603 15.000000 257.500000
602 15.000000 257.500000
601 15.000000 257.500000
600 15.000000 257.500000
599 15.000000 257.500000
598 15.000000 257.500000
597 15.000000 257.500000
596 15.000000 257.500000
595 15.000000 257.500000
594 15.000000 257.500000
593 15.000000 257.500000
592 15.000000 257.500000
591 15.000000 257.500000
590 15.000000 257.500000
589 15.000000 257.500000
588 15.000000 257.500000
587 15.000000 257.500000
586 15.000000 257.500000
585 15.000000 257.500000
584 15.000000 257.500000
583 15.000000 257.500000
582 15.000000 257.500000
581 15.000000 257.500000
580 15.000000 257.500000
579 15.000000 257.500000
578 15.000000 257.500000
577 15.000000 257.500000
576 15.000000 257.500000
575 15.000000 257.500000
574 15.000000 257.500000
573 15.000000 257.500000
572 15.000000 257.500000
571 15.000000 257.500000
570 15.000000 257.500000
569 15.000000 257.500000
568 15.000000 257.500000
567 15.000000 257.500000
566 15.000000 257.500000
565 15.000000 257.500000
564 15.000000 257.500000
563 15.000000 257.500000
562 15.000000 257.500000
561 15.000000 257.500000
560 15.000000 257.500000
559 15.000000 257.500000
558 15.000000 257.500000
557 15.000000 257.500000
556 15.000000 257.500000
555 15.000000 257.500000
554 15.000000 257.500000
553 15.000000 257.500000
552 15.000000 257.500000
551 15.000000 257.500000
550 15.000000 257.500000
549 15.000000 257.500000
548 15.000000 257.500000
547 15.000000 257.500000
546 15.000000 257.500000
545 15.000000 257.500000
544 15.000000 257.500000
543 15.000000 257.500000
542 15.000000 257.500000
541 15.000000 257.500000
540 15.000000 257.500000
539 15.000000 257.500000
538 15.000000 257.500000
537 15.000000 257.500000
536 15.000000 257.500000
535 15.000000 257.500000
534 15.000000 257.500000
533 15.000000 257.500000
532 15.000000 257.500000
531 15.000000 257.500000
530 15.000000 257.500000
529 15.000000 257.500000
528 15.000000 257.500000
527 15.000000 257.500000
526 15.000000 257.500000
525 15.000000 257.500000
524 15.000000 257.500000
523 15.000000 257.500000
522 15.000000 257.500000
521 15.000000 257.500000
520 15.000000 257.500000
519 15.000000 257.500000
518 15.000000 257.500000
517 15.000000 257.500000
516 15.000000 257.500000
515 15.000000 257.500000
514 15.000000 257.500000
513 15.000000 257.500000
512 15.000000 257.500000
511 15.000000 257.500000
510 15.000000 257.500000
509 15.000000 257.500000
508 15.000000 257.500000
507 15.000000 257.500000
506 15.000000 257.500000
505 15.000000 257.500000
504 15.000000 257.500000
503 15.000000 257.500000
502 15.000000 257.500000
501 15.000000 257.500000
500 15.000000 257.500000
499 15.000000 257.500000
498 15.000000 257.500000
497 15.000000 257.500000
496 15.000000 257.500000
495 15.000000 257.500000
494 15.000000 257.500000
493 15.000000 257.500000
492 15.000000 257.500000
491 15.000000 257.500000
490 15.000000 257.500000
489 15.000000 257.500000
488 15.000000 257.500000
487 15.000000 257.500000
486 15.000000 257.500000
485 15.000000 257.500000
484 15.000000 257.500000
483 15.000000 257.500000
482 15.000000 257.500000
481 15.000000 257.500000
480 15.000000 257.500000
479 15.000000 257.500000
478 15.000000 257.500000
477 15.000000 257.500000
476 15.000000 257.500000
475 15.000000 257.500000
474 15.000000 257.500000
473 15.000000 257.500000
472 15.000000 257.500000
471 15.000000 257.500000
470 15.000000 257.500000
469 15.000000 257.500000
468 15.000000 257.500000
467 15.000000 257.500000
466 15.000000 257.500000
465 15.000000 257.500000
464 15.000000 257.500000
463 15.000000 257.500000
462 15.000000 257.500000
461 15.000000 257.500000
460 15.000000 257.500000
459 15.000000 257.500000
458 15.000000 257.500000
457 15.000000 257.500000
456 15.000000 257.500000
455 15.000000 257.500000
454 15.000000 257.500000
453 15.000000 257.500000
452 15.000000 257.500000
451 15.000000 257.500000
450 15.000000 257.500000
449 15.000000 257.500000
448 15.000000 257.500000
447 15.000000 257.500000
446 15.000000 257.500000
445 15.000000 257.500000
444 15.000000 257.500000
443 15.000000 257.500000
442 15.000000 257.500000
441 15.000000 257.500000
440 15.000000 257.500000
439 15.000000 257.500000
438 15.000000 257.500000
437 15.000000 257.500000
436 15.000000 257.500000
435 15.000000 257.500000
434 15.000000 257.500000
433 15.000000 257.500000
432 15.000000 257.500000
431 15.000000 257.500000
430 15.000000 257.500000
429 15.000000 257.500000
428 15.000000 257.500000
427 15.000000 257.500000
426 15.000000 257.500000
425 15.000000 257.500000
424 15.000000 257.500000
423 15.000000 257.500000
422 15.000000 257.500000
421 15.000000 257.500000
420 15.000000 257.500000
419 15.000000 257.500000
418 15.000000 257.500000
417 15.000000 257.500000
416 15.000000 257.500000
415 15.000000 257.500000
414 15.000000 257.500000
413 15.000000 257.500000
412 15.000000 257.500000
411 15.000000 257.500000
410 15.000000 257.500000
409 15.000000 257.500000
408 15.000000 257.500000
407 15.000000 257.500000
406 15.000000 257.500000
405 15.000000 257.500000
404 15.000000 257.500000
403 15.000000 257.500000
402 15.000000 257.500000
401 15.000000 257.500000
400 15.000000 257.500000
399 15.000000 257.500000
398 15.000000 257.500000
397 15.000000 257.500000
396 15.000000 257.500000
395 15.000000 257.500000
394 15.000000 257.500000
393 15.000000 257.500000
392 15.000000 257.500000
391 15.000000 257.500000
390 15.000000 257.500000
389 15.000000 257.500000
388 15.000000 257.500000
387 15.000000 257.500000
386 15.000000 257.500000
385 15.000000 257.500000
384 15.000000 257.500000
383 15.000000 257.500000
382 15.000000 257.500000
381 15.000000 257.500000
380 15.000000 257.500000
379 15.000000 257.500000
378 15.000000 257.500000
377 15.000000 257.500000
376 15.000000 257.500000
375 15.000000 257.500000
374 15.000000 257.500000
373 15.000000 257.500000
372 15.000000 257.500000
371 15.000000 257.500000
370 15.000000 257.500000
369 15.000000 257.500000
368 15.000000 257.500000
367 15.000000 257.500000
366 15.000000 257.500000
365 15.000000 257.500000
364 15.000000 257.500000
363 15.000000 257.500000
362 15.000000 257.500000
361 15.000000 257.500000
360 15.000000 257.500000
359 15.000000 257.500000
358 15.000000 257.500000
357 15.000000 257.500000
356 15.000000 257.500000
355 15.000000 257.500000
354 15.000000 257.500000
353 15.000000 257.500000
352 15.000000 257.500000
351 15.000000 257.500000
350 15.000000 257.500000
349 15.000000 257.500000
348 15.000000 257.500000
347 15.000000 257.500000
346 15.000000 257.500000
345 15.000000 257.500000
344 15.000000 257.500000
343 15.000000 257.500000
342 15.000000 257.500000
341 15.000000 257.500000
340 15.000000 257.500000
339 15.000000 257.500000
338 15.000000 257.500000
337 15.000000 257.500000
336 15.000000 257.500000
335 15.000000 257.500000
334 15.000000 257.500000
333 15.000000 257.500000
332 15.000000 257.500000
331 15.000000 257.500000
330 15.000000 257.500000
329 15.000000 257.500000
328 15.000000 257.500000
327 15.000000 257.500000
326 15.000000 257.500000
325 15.000000 257.500000
324 15.000000 257.500000
323 15.000000 257.500000
322 15.000000 257.500000
321 15.000000 257.500000
320 15.000000 257.500000
319 15.000000 257.500000
318 15.000000 257.500000
317 15.000000 257.500000
316 15.000000 257.500000
315 15.000000 257.500000
314 15.000000 257.500000
313 15.000000 257.500000
312 15.000000 257.500000
311 15.000000 257.500000
310 15.000000 257.500000
309 15.000000 257.500000
308 15.000000 257.500000
307 15.000000 257.500000
306 15.000000 257.500000
305 15.000000 257.500000
304 15.000000 257.500000
303 15.000000 257.500000
302 15.000000 257.500000
301 15.000000 257.500000
300 15.000000 257.500000
299 15.000000 257.500000
298 15.000000 257.500000
297 15.000000 257.500000
296 15.000000 257.500000
295 15.000000 257.500000
294 15.000000 257.500000
293 15.000000 257.500000
292 15.000000 257.500000
291 15.000000 257.500000
290 15.000000 257.500000
289 15.000000 257.500000
288 15.000000 257.500000
287 15.000000 257.500000
286 15.000000 257.500000
285 15.000000 257.500000
284 15.000000 257.500000
283 15.000000 257.500000
282 15.000000 257.500000
281 15.000000 257.500000
280 15.000000 257.500000
279 15.000000 257.500000
278 15.000000 257.500000
277 15.000000 257.500000
276 15.000000 257.500000
275 15.000000 257.500000
274 15.000000 257.500000
273 15.000000 257.500000
272 15.000000 257.500000
271 15.000000 257.500000
270 15.000000 257.500000
269 15.000000 257.500000
268 15.000000 257.500000
267 15.000000 257.500000
266 15.000000 257.500000
265 15.000000 257.500000
264 15.000000 257.500000
263 15.000000 257.500000
262 15.000000 257.500000
261 15.000000 257.500000
260 15.000000 257.500000
259 15.000000 257.500000
258 15.000000 257.500000
257 15.000000 257.500000
256 15.000000 257.500000
255 15.000000 257.500000
254 15.000000 257.500000
253 15.000000 257.500000
252 15.000000 257.500000
251 15.000000 257.500000
250 15.000000 257.500000
249 15.000000 257.500000
248 15.000000 257.500000
247 15.000000 257.500000
246 15.000000 257.500000
245 15.000000 257.500000
244 15.000000 257.500000
243 15.000000 257.500000
242 15.000000 257.500000
241 15.000000 257.500000
240 15.000000 257.500000
239 15.000000 257.500000
238 15.000000 257.500000
237 15.000000 257.500000
236 15.000000 257.500000
235 15.000000 257.500000
234 15.000000 257.500000
233 15.000000 257.500000
232 15.000000 257.500000
231 15.000000 257.500000
230 15.000000 257.500000
229 15.000000 257.500000
228 15.000000 257.500000
227 15.000000 257.500000
226 15.000000 257.500000
225 15.000000 257.500000
224 15.000000 257.500000
223 15.000000 257.500000
222 15.000000 257.500000
221 15.000000 257.500000
220 15.000000 257.500000
219 15.000000 257.500000
218 15.000000 257.500000
217 15.000000 257.500000
216 15.000000 257.500000
215 15.000000 257.500000
214 15.000000 257.500000
213 15.000000 257.500000
212 15.000000 257.500000
211 15.000000 257.500000
210 15.000000 257.500000
209 15.000000 257.500000
208 15.000000 257.500000
207 15.000000 257.500000
206 15.000000 257.500000
205 15.000000 257.500000
204 15.000000 257.500000
203 15.000000 257.500000
202 15.000000 257.500000
201 15.000000 257.500000
200 15.000000 257.500000
199 15.000000 257.500000
198 15.000000 257.500000
197 15.000000 257.500000
196 15.000000 257.500000
195 15.000000 257.500000
194 15.000000 257.500000
193 15.000000 257.500000
192 15.000000 257.500000
191 15.000000 257.500000
190 15.000000 257.500000
189 15.000000 257.500000
188 15.000000 257.500000
187 15.000000 257.500000
186 15.000000 257.500000
185 15.000000 257.500000
184 15.000000 257.500000
183 15.000000 257.500000
182 15.000000 257.500000
181 15.000000 257.500000
180 15.000000 257.500000
179 15.000000 257.500000
178 15.000000 257.500000
177 15.000000 257.500000
176 15.000000 257.500000
175 15.000000 257.500000
174 15.000000 257.500000
173 15.000000 257.500000
172 15.000000 257.500000
171 15.000000 257.500000
170 15.000000 257.500000
169 15.000000 257.500000
168 15.000000 257.500000
167 15.000000 257.500000
166 15.000000 257.500000
165 15.000000 257.500000
164 15.000000 257.500000
163 15.000000 257.500000
162 15.000000 257.500000
161 15.000000 257.500000
160 15.000000 257.500000
159 15.000000 257.500000
158 15.000000 257.500000
157 15.000000 257.500000
156 15.000000 257.500000
155 15.000000 257.500000
154 15.000000 257.500000
153 15.000000 257.500000
152 15.000000 257.500000
151 15.000000 257.500000
150 15.000000 257.500000
149 15.000000 257.500000
148 15.000000 257.500000
147 15.000000 257.500000
146 15.000000 257.500000
145 15.000000 257.500000
144 15.000000 257.500000
143 15.000000 257.500000
142 15.000000 257.500000
141 15.000000 257.500000
140 15.000000 257.500000
139 15.000000 257.500000
138 15.000000 257.500000
137 15.000000 257.500000
136 15.000000 257.500000
135 15.000000 257.500000
134 15.000000 257.500000
133 15.000000 257.500000
132 15.000000 257.500000
131 15.000000 257.500000
130 15.000000 257.500000
129 15.000000 257.500000
128 15.000000 257.500000
127 15.000000 257.500000
126 15.000000 257.500000
125 15.000000 257.500000
124 15.000000 257.500000
123 15.000000 257.500000
122 15.000000 257.500000
121 15.000000 257.500000
120 15.000000 257.500000
119 15.000000 257.500000
118 15.000000 257.500000
117 15.000000 257.500000
116 15.000000 257.500000
115 15.000000 257.500000
114 15.000000 257.500000
113 15.000000 257.500000
112 15.000000 257.500000
111 15.000000 257.500000
110 15.000000 257.500000
109 15.000000 257.500000
108 15.000000 257.500000
107 15.000000 257.500000
106 15.000000 257.500000
105 15.000000 257.500000
104 15.000000 257.500000
103 15.000000 257.500000
102 15.000000 257.500000
101 15.000000 257.500000
100 15.000000 257.500000
99 15.000000 257.500000
98 15.000000 257.500000
97 15.000000 257.500000
96 15.000000 257.500000
95 15.000000 257.500000
94 15.000000 257.500000
93 15.000000 257.500000
92 15.000000 257.500000
91 15.000000 257.500000
90 15.000000 257.500000
89 15.000000 257.500000
88 15.000000 257.500000
87 15.000000 257.500000
86 15.000000 257.500000
85 15.000000 257.500000
84 15.000000 257.500000
83 15.000000 257.500000
82 15.000000 257.500000
81 15.000000 257.500000
80 15.000000 257.500000
79 15.000000 257.500000
78 15.000000 257.500000
77 15.000000 257.500000
76 15.000000 257.500000
75 15.000000 257.500000
74 15.000000 257.500000
73 15.000000 257.500000
72 15.000000 257.500000
71 15.000000 257.500000
70 15.000000 257.500000
69 15.000000 257.500000
68 15.000000 257.500000
67 15.000000 257.500000
66 15.000000 257.500000
65 15.000000 257.500000
64 15.000000 257.500000
63 15.000000 257.500000
62 15.000000 257.500000
61 15.000000 257.500000
60 15.000000 257.500000
59 15.000000 257.500000
58 15.000000 257.500000
57 15.000000 257.500000
56 15.000000 257.500000
55 15.000000 257.500000
54 15.000000 257.500000
53 15.000000 257.500000
52 15.000000 257.500000
51 15.000000 257.500000
50 15.000000 257.500000
49 15.000000 257.500000
48 15.000000 257.500000
47 15.000000 257.500000
46 15.000000 257.500000
45 15.000000 257.500000
44 15.000000 257.500000
43 15.000000 257.500000
42 15.000000 257.500000
41 15.000000 257.500000
40 15.000000 257.500000
39 15.000000 257.500000
38 15.000000 257.500000
37 15.000000 257.500000
